50 211
0 1
1 2
2 3
3 4
5 6
5 7
5 8
5 9
5 10
5 11
5 12
5 13
5 14
6 7
6 8
6 9
6 10
6 11
6 12
6 13
6 14
7 8
7 9
7 10
7 11
7 12
7 13
7 14
8 9
8 10
8 11
8 12
8 13
8 14
9 10
9 11
9 12
9 13
9 14
10 11
10 12
10 13
10 14
11 12
11 13
11 14
12 13
12 14
13 14
15 16
16 17
17 18
18 19
20 21
20 22
20 23
20 24
20 25
20 26
20 27
20 28
20 29
21 22
21 23
21 24
21 25
21 26
21 27
21 28
21 29
22 23
22 24
22 25
22 26
22 27
22 28
22 29
23 24
23 25
23 26
23 27
23 28
23 29
24 25
24 26
24 27
24 28
24 29
25 26
25 27
25 28
25 29
26 27
26 28
26 29
27 28
27 29
28 29
30 31
31 32
32 33
33 34
35 36
35 37
35 38
35 39
35 40
35 41
35 42
35 43
35 44
36 37
36 38
36 39
36 40
36 41
36 42
36 43
36 44
37 38
37 39
37 40
37 41
37 42
37 43
37 44
38 39
38 40
38 41
38 42
38 43
38 44
39 40
39 41
39 42
39 43
39 44
40 41
40 42
40 43
40 44
41 42
41 43
41 44
42 43
42 44
43 44
45 46
46 47
47 48
48 49
4 5
4 6
4 7
4 8
4 9
4 10
4 11
4 12
4 13
4 14
15 5
15 6
15 7
15 8
15 9
15 10
15 11
15 12
15 13
15 14
19 20
19 21
19 22
19 23
19 24
19 25
19 26
19 27
19 28
19 29
30 20
30 21
30 22
30 23
30 24
30 25
30 26
30 27
30 28
30 29
34 35
34 36
34 37
34 38
34 39
34 40
34 41
34 42
34 43
34 44
45 35
45 36
45 37
45 38
45 39
45 40
45 41
45 42
45 43
45 44
28
29
14
49
10
26
46
29
25
8
45
44
3
38
10
15
44
10
18
5
46
16
48
22
49
19
10
6
14
2
19
10
41
12
7
6
11
40
8
44
39
31
19
7
13
32
4
9
40
19
15
26
40
50
6
42
29
15
25
20
24
31
1
44
5
29
40
30
37
40
28
43
22
32
11
41
24
35
30
38
35
19
11
22
41
21
18
15
30
36
20
42
31
34
13
45
42
31
25
21
32
49
46
15
13
23
47
3
8
45
29
26
47
40
21
40
8
32
35
4
6
16
48
10
6
47
47
38
5
30
38
22
16
7
10
5
37
45
25
34
46
36
6
4
45
15
2
38
23
32
18
40
45
34
27
49
46
46
24
28
37
11
16
23
13
34
40
15
22
29
44
39
49
24
2
30
43
8
38
14
38
32
37
41
45
19
12
38
48
30
46
5
38
14
32
23
26
35
47
45
19
25
40
10
42
21
17
25
6
7
34
