100 726
0 1
1 2
2 3
3 4
4 5
5 6
6 7
7 8
8 9
10 11
10 12
10 13
10 14
10 15
10 16
10 17
10 18
10 19
10 20
10 21
10 22
10 23
10 24
10 25
10 26
10 27
10 28
10 29
11 12
11 13
11 14
11 15
11 16
11 17
11 18
11 19
11 20
11 21
11 22
11 23
11 24
11 25
11 26
11 27
11 28
11 29
12 13
12 14
12 15
12 16
12 17
12 18
12 19
12 20
12 21
12 22
12 23
12 24
12 25
12 26
12 27
12 28
12 29
13 14
13 15
13 16
13 17
13 18
13 19
13 20
13 21
13 22
13 23
13 24
13 25
13 26
13 27
13 28
13 29
14 15
14 16
14 17
14 18
14 19
14 20
14 21
14 22
14 23
14 24
14 25
14 26
14 27
14 28
14 29
15 16
15 17
15 18
15 19
15 20
15 21
15 22
15 23
15 24
15 25
15 26
15 27
15 28
15 29
16 17
16 18
16 19
16 20
16 21
16 22
16 23
16 24
16 25
16 26
16 27
16 28
16 29
17 18
17 19
17 20
17 21
17 22
17 23
17 24
17 25
17 26
17 27
17 28
17 29
18 19
18 20
18 21
18 22
18 23
18 24
18 25
18 26
18 27
18 28
18 29
19 20
19 21
19 22
19 23
19 24
19 25
19 26
19 27
19 28
19 29
20 21
20 22
20 23
20 24
20 25
20 26
20 27
20 28
20 29
21 22
21 23
21 24
21 25
21 26
21 27
21 28
21 29
22 23
22 24
22 25
22 26
22 27
22 28
22 29
23 24
23 25
23 26
23 27
23 28
23 29
24 25
24 26
24 27
24 28
24 29
25 26
25 27
25 28
25 29
26 27
26 28
26 29
27 28
27 29
28 29
30 31
31 32
32 33
33 34
34 35
35 36
36 37
37 38
38 39
40 41
40 42
40 43
40 44
40 45
40 46
40 47
40 48
40 49
40 50
40 51
40 52
40 53
40 54
40 55
40 56
40 57
40 58
40 59
41 42
41 43
41 44
41 45
41 46
41 47
41 48
41 49
41 50
41 51
41 52
41 53
41 54
41 55
41 56
41 57
41 58
41 59
42 43
42 44
42 45
42 46
42 47
42 48
42 49
42 50
42 51
42 52
42 53
42 54
42 55
42 56
42 57
42 58
42 59
43 44
43 45
43 46
43 47
43 48
43 49
43 50
43 51
43 52
43 53
43 54
43 55
43 56
43 57
43 58
43 59
44 45
44 46
44 47
44 48
44 49
44 50
44 51
44 52
44 53
44 54
44 55
44 56
44 57
44 58
44 59
45 46
45 47
45 48
45 49
45 50
45 51
45 52
45 53
45 54
45 55
45 56
45 57
45 58
45 59
46 47
46 48
46 49
46 50
46 51
46 52
46 53
46 54
46 55
46 56
46 57
46 58
46 59
47 48
47 49
47 50
47 51
47 52
47 53
47 54
47 55
47 56
47 57
47 58
47 59
48 49
48 50
48 51
48 52
48 53
48 54
48 55
48 56
48 57
48 58
48 59
49 50
49 51
49 52
49 53
49 54
49 55
49 56
49 57
49 58
49 59
50 51
50 52
50 53
50 54
50 55
50 56
50 57
50 58
50 59
51 52
51 53
51 54
51 55
51 56
51 57
51 58
51 59
52 53
52 54
52 55
52 56
52 57
52 58
52 59
53 54
53 55
53 56
53 57
53 58
53 59
54 55
54 56
54 57
54 58
54 59
55 56
55 57
55 58
55 59
56 57
56 58
56 59
57 58
57 59
58 59
60 61
61 62
62 63
63 64
64 65
65 66
66 67
67 68
68 69
70 71
70 72
70 73
70 74
70 75
70 76
70 77
70 78
70 79
70 80
70 81
70 82
70 83
70 84
70 85
70 86
70 87
70 88
70 89
71 72
71 73
71 74
71 75
71 76
71 77
71 78
71 79
71 80
71 81
71 82
71 83
71 84
71 85
71 86
71 87
71 88
71 89
72 73
72 74
72 75
72 76
72 77
72 78
72 79
72 80
72 81
72 82
72 83
72 84
72 85
72 86
72 87
72 88
72 89
73 74
73 75
73 76
73 77
73 78
73 79
73 80
73 81
73 82
73 83
73 84
73 85
73 86
73 87
73 88
73 89
74 75
74 76
74 77
74 78
74 79
74 80
74 81
74 82
74 83
74 84
74 85
74 86
74 87
74 88
74 89
75 76
75 77
75 78
75 79
75 80
75 81
75 82
75 83
75 84
75 85
75 86
75 87
75 88
75 89
76 77
76 78
76 79
76 80
76 81
76 82
76 83
76 84
76 85
76 86
76 87
76 88
76 89
77 78
77 79
77 80
77 81
77 82
77 83
77 84
77 85
77 86
77 87
77 88
77 89
78 79
78 80
78 81
78 82
78 83
78 84
78 85
78 86
78 87
78 88
78 89
79 80
79 81
79 82
79 83
79 84
79 85
79 86
79 87
79 88
79 89
80 81
80 82
80 83
80 84
80 85
80 86
80 87
80 88
80 89
81 82
81 83
81 84
81 85
81 86
81 87
81 88
81 89
82 83
82 84
82 85
82 86
82 87
82 88
82 89
83 84
83 85
83 86
83 87
83 88
83 89
84 85
84 86
84 87
84 88
84 89
85 86
85 87
85 88
85 89
86 87
86 88
86 89
87 88
87 89
88 89
90 91
91 92
92 93
93 94
94 95
95 96
96 97
97 98
98 99
9 10
9 11
9 12
9 13
9 14
9 15
9 16
9 17
9 18
9 19
9 20
9 21
9 22
9 23
9 24
9 25
9 26
9 27
9 28
9 29
30 10
30 11
30 12
30 13
30 14
30 15
30 16
30 17
30 18
30 19
30 20
30 21
30 22
30 23
30 24
30 25
30 26
30 27
30 28
30 29
39 40
39 41
39 42
39 43
39 44
39 45
39 46
39 47
39 48
39 49
39 50
39 51
39 52
39 53
39 54
39 55
39 56
39 57
39 58
39 59
60 40
60 41
60 42
60 43
60 44
60 45
60 46
60 47
60 48
60 49
60 50
60 51
60 52
60 53
60 54
60 55
60 56
60 57
60 58
60 59
69 70
69 71
69 72
69 73
69 74
69 75
69 76
69 77
69 78
69 79
69 80
69 81
69 82
69 83
69 84
69 85
69 86
69 87
69 88
69 89
90 70
90 71
90 72
90 73
90 74
90 75
90 76
90 77
90 78
90 79
90 80
90 81
90 82
90 83
90 84
90 85
90 86
90 87
90 88
90 89
83
32
65
87
89
73
26
66
87
50
58
22
97
30
88
98
75
93
49
100
33
26
22
28
67
44
75
66
31
39
27
59
25
60
48
58
21
7
71
37
74
75
54
17
44
34
31
50
83
23
31
19
63
80
95
1
72
52
30
29
29
83
90
8
90
76
60
16
3
36
59
89
95
22
89
12
58
63
73
87
34
45
91
73
20
66
72
56
2
27
45
29
28
68
82
77
79
23
78
51
40
76
44
54
40
39
99
80
32
32
64
12
41
21
22
21
27
2
97
87
63
98
52
69
66
86
11
26
50
47
98
61
34
28
95
80
7
53
36
14
86
89
76
81
54
99
43
98
93
37
63
44
70
13
94
37
52
43
92
3
97
49
41
13
55
50
24
45
89
52
12
50
10
75
54
28
82
52
25
22
26
86
69
31
54
46
90
39
80
61
19
2
12
46
23
66
46
65
42
91
4
53
85
34
22
15
28
48
23
46
50
77
4
78
65
17
84
70
96
60
40
94
98
90
61
73
85
93
2
66
72
53
65
52
98
93
19
14
45
73
100
48
66
72
29
18
36
57
84
97
73
27
30
44
81
47
32
80
27
38
64
34
1
67
71
20
49
80
84
57
1
89
16
31
38
83
59
44
75
10
76
92
64
80
19
83
90
76
90
47
22
76
91
85
33
2
59
42
89
7
89
25
69
92
60
21
36
85
94
52
29
91
50
10
9
59
55
68
5
86
13
61
69
14
14
59
7
28
39
42
28
82
49
78
62
77
49
39
5
64
87
61
97
23
36
70
74
2
92
79
50
59
72
53
93
58
31
37
28
35
66
2
6
63
27
97
43
94
85
26
19
60
94
60
100
74
45
99
59
48
47
31
73
29
4
56
38
35
99
23
13
58
81
12
9
1
61
90
88
36
65
4
93
37
29
13
42
27
8
13
81
82
61
6
10
6
13
18
27
78
31
54
97
99
98
7
29
43
10
28
100
20
96
87
54
7
64
8
2
14
37
87
74
41
86
32
100
62
98
78
3
55
74
86
1
36
66
79
89
20
48
49
3
47
68
27
50
91
30
63
43
41
35
84
11
16
16
91
76
1
71
29
39
37
81
100
24
2
36
82
12
13
56
48
89
67
76
19
22
94
31
15
69
35
21
80
61
98
52
8
59
52
34
85
32
85
88
86
25
2
11
57
85
80
35
82
61
80
97
54
89
75
48
2
63
32
1
37
66
89
78
29
52
95
13
23
16
77
17
83
53
80
78
41
24
62
63
47
70
46
44
89
68
35
87
50
16
7
6
40
43
96
98
20
12
37
85
77
80
56
1
94
71
15
25
15
74
28
9
41
27
96
56
34
40
37
13
33
49
7
35
43
11
75
15
48
54
57
52
20
8
78
21
7
25
56
25
89
38
87
25
93
58
92
2
49
50
82
86
90
96
87
21
12
66
30
27
9
98
70
93
100
82
45
51
83
79
93
73
40
48
88
30
9
82
19
75
11
25
40
72
93
31
63
9
49
14
30
60
84
83
11
30
21
35
51
80
6
98
100
56
96
2
23
88
31
93
32
60
67
69
89
49
89
8
7
74
57
93
83
41
46
66
38
100
50
34
87
98
3
7
1
75
56
96
5
77
83
31
35
79
3
60
32
100
6
