500 8096
0 1
1 2
2 3
3 4
4 5
5 6
6 7
7 8
8 9
9 10
10 11
11 12
12 13
13 14
14 15
15 16
16 17
17 18
18 19
19 20
20 21
21 22
22 23
23 24
24 25
25 26
26 27
27 28
28 29
29 30
30 31
31 32
32 33
33 34
34 35
35 36
36 37
37 38
38 39
39 40
40 41
41 42
42 43
43 44
44 45
45 46
46 47
47 48
48 49
50 51
50 52
50 53
50 54
50 55
50 56
50 57
50 58
50 59
50 60
50 61
50 62
50 63
50 64
50 65
50 66
50 67
50 68
50 69
50 70
50 71
50 72
50 73
50 74
50 75
50 76
50 77
50 78
50 79
50 80
50 81
50 82
50 83
50 84
50 85
50 86
50 87
50 88
50 89
50 90
50 91
50 92
50 93
50 94
50 95
50 96
50 97
50 98
50 99
51 52
51 53
51 54
51 55
51 56
51 57
51 58
51 59
51 60
51 61
51 62
51 63
51 64
51 65
51 66
51 67
51 68
51 69
51 70
51 71
51 72
51 73
51 74
51 75
51 76
51 77
51 78
51 79
51 80
51 81
51 82
51 83
51 84
51 85
51 86
51 87
51 88
51 89
51 90
51 91
51 92
51 93
51 94
51 95
51 96
51 97
51 98
51 99
52 53
52 54
52 55
52 56
52 57
52 58
52 59
52 60
52 61
52 62
52 63
52 64
52 65
52 66
52 67
52 68
52 69
52 70
52 71
52 72
52 73
52 74
52 75
52 76
52 77
52 78
52 79
52 80
52 81
52 82
52 83
52 84
52 85
52 86
52 87
52 88
52 89
52 90
52 91
52 92
52 93
52 94
52 95
52 96
52 97
52 98
52 99
53 54
53 55
53 56
53 57
53 58
53 59
53 60
53 61
53 62
53 63
53 64
53 65
53 66
53 67
53 68
53 69
53 70
53 71
53 72
53 73
53 74
53 75
53 76
53 77
53 78
53 79
53 80
53 81
53 82
53 83
53 84
53 85
53 86
53 87
53 88
53 89
53 90
53 91
53 92
53 93
53 94
53 95
53 96
53 97
53 98
53 99
54 55
54 56
54 57
54 58
54 59
54 60
54 61
54 62
54 63
54 64
54 65
54 66
54 67
54 68
54 69
54 70
54 71
54 72
54 73
54 74
54 75
54 76
54 77
54 78
54 79
54 80
54 81
54 82
54 83
54 84
54 85
54 86
54 87
54 88
54 89
54 90
54 91
54 92
54 93
54 94
54 95
54 96
54 97
54 98
54 99
55 56
55 57
55 58
55 59
55 60
55 61
55 62
55 63
55 64
55 65
55 66
55 67
55 68
55 69
55 70
55 71
55 72
55 73
55 74
55 75
55 76
55 77
55 78
55 79
55 80
55 81
55 82
55 83
55 84
55 85
55 86
55 87
55 88
55 89
55 90
55 91
55 92
55 93
55 94
55 95
55 96
55 97
55 98
55 99
56 57
56 58
56 59
56 60
56 61
56 62
56 63
56 64
56 65
56 66
56 67
56 68
56 69
56 70
56 71
56 72
56 73
56 74
56 75
56 76
56 77
56 78
56 79
56 80
56 81
56 82
56 83
56 84
56 85
56 86
56 87
56 88
56 89
56 90
56 91
56 92
56 93
56 94
56 95
56 96
56 97
56 98
56 99
57 58
57 59
57 60
57 61
57 62
57 63
57 64
57 65
57 66
57 67
57 68
57 69
57 70
57 71
57 72
57 73
57 74
57 75
57 76
57 77
57 78
57 79
57 80
57 81
57 82
57 83
57 84
57 85
57 86
57 87
57 88
57 89
57 90
57 91
57 92
57 93
57 94
57 95
57 96
57 97
57 98
57 99
58 59
58 60
58 61
58 62
58 63
58 64
58 65
58 66
58 67
58 68
58 69
58 70
58 71
58 72
58 73
58 74
58 75
58 76
58 77
58 78
58 79
58 80
58 81
58 82
58 83
58 84
58 85
58 86
58 87
58 88
58 89
58 90
58 91
58 92
58 93
58 94
58 95
58 96
58 97
58 98
58 99
59 60
59 61
59 62
59 63
59 64
59 65
59 66
59 67
59 68
59 69
59 70
59 71
59 72
59 73
59 74
59 75
59 76
59 77
59 78
59 79
59 80
59 81
59 82
59 83
59 84
59 85
59 86
59 87
59 88
59 89
59 90
59 91
59 92
59 93
59 94
59 95
59 96
59 97
59 98
59 99
60 61
60 62
60 63
60 64
60 65
60 66
60 67
60 68
60 69
60 70
60 71
60 72
60 73
60 74
60 75
60 76
60 77
60 78
60 79
60 80
60 81
60 82
60 83
60 84
60 85
60 86
60 87
60 88
60 89
60 90
60 91
60 92
60 93
60 94
60 95
60 96
60 97
60 98
60 99
61 62
61 63
61 64
61 65
61 66
61 67
61 68
61 69
61 70
61 71
61 72
61 73
61 74
61 75
61 76
61 77
61 78
61 79
61 80
61 81
61 82
61 83
61 84
61 85
61 86
61 87
61 88
61 89
61 90
61 91
61 92
61 93
61 94
61 95
61 96
61 97
61 98
61 99
62 63
62 64
62 65
62 66
62 67
62 68
62 69
62 70
62 71
62 72
62 73
62 74
62 75
62 76
62 77
62 78
62 79
62 80
62 81
62 82
62 83
62 84
62 85
62 86
62 87
62 88
62 89
62 90
62 91
62 92
62 93
62 94
62 95
62 96
62 97
62 98
62 99
63 64
63 65
63 66
63 67
63 68
63 69
63 70
63 71
63 72
63 73
63 74
63 75
63 76
63 77
63 78
63 79
63 80
63 81
63 82
63 83
63 84
63 85
63 86
63 87
63 88
63 89
63 90
63 91
63 92
63 93
63 94
63 95
63 96
63 97
63 98
63 99
64 65
64 66
64 67
64 68
64 69
64 70
64 71
64 72
64 73
64 74
64 75
64 76
64 77
64 78
64 79
64 80
64 81
64 82
64 83
64 84
64 85
64 86
64 87
64 88
64 89
64 90
64 91
64 92
64 93
64 94
64 95
64 96
64 97
64 98
64 99
65 66
65 67
65 68
65 69
65 70
65 71
65 72
65 73
65 74
65 75
65 76
65 77
65 78
65 79
65 80
65 81
65 82
65 83
65 84
65 85
65 86
65 87
65 88
65 89
65 90
65 91
65 92
65 93
65 94
65 95
65 96
65 97
65 98
65 99
66 67
66 68
66 69
66 70
66 71
66 72
66 73
66 74
66 75
66 76
66 77
66 78
66 79
66 80
66 81
66 82
66 83
66 84
66 85
66 86
66 87
66 88
66 89
66 90
66 91
66 92
66 93
66 94
66 95
66 96
66 97
66 98
66 99
67 68
67 69
67 70
67 71
67 72
67 73
67 74
67 75
67 76
67 77
67 78
67 79
67 80
67 81
67 82
67 83
67 84
67 85
67 86
67 87
67 88
67 89
67 90
67 91
67 92
67 93
67 94
67 95
67 96
67 97
67 98
67 99
68 69
68 70
68 71
68 72
68 73
68 74
68 75
68 76
68 77
68 78
68 79
68 80
68 81
68 82
68 83
68 84
68 85
68 86
68 87
68 88
68 89
68 90
68 91
68 92
68 93
68 94
68 95
68 96
68 97
68 98
68 99
69 70
69 71
69 72
69 73
69 74
69 75
69 76
69 77
69 78
69 79
69 80
69 81
69 82
69 83
69 84
69 85
69 86
69 87
69 88
69 89
69 90
69 91
69 92
69 93
69 94
69 95
69 96
69 97
69 98
69 99
70 71
70 72
70 73
70 74
70 75
70 76
70 77
70 78
70 79
70 80
70 81
70 82
70 83
70 84
70 85
70 86
70 87
70 88
70 89
70 90
70 91
70 92
70 93
70 94
70 95
70 96
70 97
70 98
70 99
71 72
71 73
71 74
71 75
71 76
71 77
71 78
71 79
71 80
71 81
71 82
71 83
71 84
71 85
71 86
71 87
71 88
71 89
71 90
71 91
71 92
71 93
71 94
71 95
71 96
71 97
71 98
71 99
72 73
72 74
72 75
72 76
72 77
72 78
72 79
72 80
72 81
72 82
72 83
72 84
72 85
72 86
72 87
72 88
72 89
72 90
72 91
72 92
72 93
72 94
72 95
72 96
72 97
72 98
72 99
73 74
73 75
73 76
73 77
73 78
73 79
73 80
73 81
73 82
73 83
73 84
73 85
73 86
73 87
73 88
73 89
73 90
73 91
73 92
73 93
73 94
73 95
73 96
73 97
73 98
73 99
74 75
74 76
74 77
74 78
74 79
74 80
74 81
74 82
74 83
74 84
74 85
74 86
74 87
74 88
74 89
74 90
74 91
74 92
74 93
74 94
74 95
74 96
74 97
74 98
74 99
75 76
75 77
75 78
75 79
75 80
75 81
75 82
75 83
75 84
75 85
75 86
75 87
75 88
75 89
75 90
75 91
75 92
75 93
75 94
75 95
75 96
75 97
75 98
75 99
76 77
76 78
76 79
76 80
76 81
76 82
76 83
76 84
76 85
76 86
76 87
76 88
76 89
76 90
76 91
76 92
76 93
76 94
76 95
76 96
76 97
76 98
76 99
77 78
77 79
77 80
77 81
77 82
77 83
77 84
77 85
77 86
77 87
77 88
77 89
77 90
77 91
77 92
77 93
77 94
77 95
77 96
77 97
77 98
77 99
78 79
78 80
78 81
78 82
78 83
78 84
78 85
78 86
78 87
78 88
78 89
78 90
78 91
78 92
78 93
78 94
78 95
78 96
78 97
78 98
78 99
79 80
79 81
79 82
79 83
79 84
79 85
79 86
79 87
79 88
79 89
79 90
79 91
79 92
79 93
79 94
79 95
79 96
79 97
79 98
79 99
80 81
80 82
80 83
80 84
80 85
80 86
80 87
80 88
80 89
80 90
80 91
80 92
80 93
80 94
80 95
80 96
80 97
80 98
80 99
81 82
81 83
81 84
81 85
81 86
81 87
81 88
81 89
81 90
81 91
81 92
81 93
81 94
81 95
81 96
81 97
81 98
81 99
82 83
82 84
82 85
82 86
82 87
82 88
82 89
82 90
82 91
82 92
82 93
82 94
82 95
82 96
82 97
82 98
82 99
83 84
83 85
83 86
83 87
83 88
83 89
83 90
83 91
83 92
83 93
83 94
83 95
83 96
83 97
83 98
83 99
84 85
84 86
84 87
84 88
84 89
84 90
84 91
84 92
84 93
84 94
84 95
84 96
84 97
84 98
84 99
85 86
85 87
85 88
85 89
85 90
85 91
85 92
85 93
85 94
85 95
85 96
85 97
85 98
85 99
86 87
86 88
86 89
86 90
86 91
86 92
86 93
86 94
86 95
86 96
86 97
86 98
86 99
87 88
87 89
87 90
87 91
87 92
87 93
87 94
87 95
87 96
87 97
87 98
87 99
88 89
88 90
88 91
88 92
88 93
88 94
88 95
88 96
88 97
88 98
88 99
89 90
89 91
89 92
89 93
89 94
89 95
89 96
89 97
89 98
89 99
90 91
90 92
90 93
90 94
90 95
90 96
90 97
90 98
90 99
91 92
91 93
91 94
91 95
91 96
91 97
91 98
91 99
92 93
92 94
92 95
92 96
92 97
92 98
92 99
93 94
93 95
93 96
93 97
93 98
93 99
94 95
94 96
94 97
94 98
94 99
95 96
95 97
95 98
95 99
96 97
96 98
96 99
97 98
97 99
98 99
100 101
101 102
102 103
103 104
104 105
105 106
106 107
107 108
108 109
109 110
110 111
111 112
112 113
113 114
114 115
115 116
116 117
117 118
118 119
119 120
120 121
121 122
122 123
123 124
124 125
125 126
126 127
127 128
128 129
129 130
130 131
131 132
132 133
133 134
134 135
135 136
136 137
137 138
138 139
139 140
140 141
141 142
142 143
143 144
144 145
145 146
146 147
147 148
148 149
149 150
150 151
151 152
152 153
153 154
154 155
155 156
156 157
157 158
158 159
159 160
160 161
161 162
162 163
163 164
164 165
165 166
166 167
167 168
168 169
169 170
170 171
171 172
172 173
173 174
174 175
175 176
176 177
177 178
178 179
179 180
180 181
181 182
182 183
183 184
184 185
185 186
186 187
187 188
188 189
189 190
190 191
191 192
192 193
193 194
194 195
195 196
196 197
197 198
198 199
200 201
200 202
200 203
200 204
200 205
200 206
200 207
200 208
200 209
200 210
200 211
200 212
200 213
200 214
200 215
200 216
200 217
200 218
200 219
200 220
200 221
200 222
200 223
200 224
200 225
200 226
200 227
200 228
200 229
200 230
200 231
200 232
200 233
200 234
200 235
200 236
200 237
200 238
200 239
200 240
200 241
200 242
200 243
200 244
200 245
200 246
200 247
200 248
200 249
200 250
200 251
200 252
200 253
200 254
200 255
200 256
200 257
200 258
200 259
200 260
200 261
200 262
200 263
200 264
200 265
200 266
200 267
200 268
200 269
200 270
200 271
200 272
200 273
200 274
200 275
200 276
200 277
200 278
200 279
200 280
200 281
200 282
200 283
200 284
200 285
200 286
200 287
200 288
200 289
200 290
200 291
200 292
200 293
200 294
200 295
200 296
200 297
200 298
200 299
201 202
201 203
201 204
201 205
201 206
201 207
201 208
201 209
201 210
201 211
201 212
201 213
201 214
201 215
201 216
201 217
201 218
201 219
201 220
201 221
201 222
201 223
201 224
201 225
201 226
201 227
201 228
201 229
201 230
201 231
201 232
201 233
201 234
201 235
201 236
201 237
201 238
201 239
201 240
201 241
201 242
201 243
201 244
201 245
201 246
201 247
201 248
201 249
201 250
201 251
201 252
201 253
201 254
201 255
201 256
201 257
201 258
201 259
201 260
201 261
201 262
201 263
201 264
201 265
201 266
201 267
201 268
201 269
201 270
201 271
201 272
201 273
201 274
201 275
201 276
201 277
201 278
201 279
201 280
201 281
201 282
201 283
201 284
201 285
201 286
201 287
201 288
201 289
201 290
201 291
201 292
201 293
201 294
201 295
201 296
201 297
201 298
201 299
202 203
202 204
202 205
202 206
202 207
202 208
202 209
202 210
202 211
202 212
202 213
202 214
202 215
202 216
202 217
202 218
202 219
202 220
202 221
202 222
202 223
202 224
202 225
202 226
202 227
202 228
202 229
202 230
202 231
202 232
202 233
202 234
202 235
202 236
202 237
202 238
202 239
202 240
202 241
202 242
202 243
202 244
202 245
202 246
202 247
202 248
202 249
202 250
202 251
202 252
202 253
202 254
202 255
202 256
202 257
202 258
202 259
202 260
202 261
202 262
202 263
202 264
202 265
202 266
202 267
202 268
202 269
202 270
202 271
202 272
202 273
202 274
202 275
202 276
202 277
202 278
202 279
202 280
202 281
202 282
202 283
202 284
202 285
202 286
202 287
202 288
202 289
202 290
202 291
202 292
202 293
202 294
202 295
202 296
202 297
202 298
202 299
203 204
203 205
203 206
203 207
203 208
203 209
203 210
203 211
203 212
203 213
203 214
203 215
203 216
203 217
203 218
203 219
203 220
203 221
203 222
203 223
203 224
203 225
203 226
203 227
203 228
203 229
203 230
203 231
203 232
203 233
203 234
203 235
203 236
203 237
203 238
203 239
203 240
203 241
203 242
203 243
203 244
203 245
203 246
203 247
203 248
203 249
203 250
203 251
203 252
203 253
203 254
203 255
203 256
203 257
203 258
203 259
203 260
203 261
203 262
203 263
203 264
203 265
203 266
203 267
203 268
203 269
203 270
203 271
203 272
203 273
203 274
203 275
203 276
203 277
203 278
203 279
203 280
203 281
203 282
203 283
203 284
203 285
203 286
203 287
203 288
203 289
203 290
203 291
203 292
203 293
203 294
203 295
203 296
203 297
203 298
203 299
204 205
204 206
204 207
204 208
204 209
204 210
204 211
204 212
204 213
204 214
204 215
204 216
204 217
204 218
204 219
204 220
204 221
204 222
204 223
204 224
204 225
204 226
204 227
204 228
204 229
204 230
204 231
204 232
204 233
204 234
204 235
204 236
204 237
204 238
204 239
204 240
204 241
204 242
204 243
204 244
204 245
204 246
204 247
204 248
204 249
204 250
204 251
204 252
204 253
204 254
204 255
204 256
204 257
204 258
204 259
204 260
204 261
204 262
204 263
204 264
204 265
204 266
204 267
204 268
204 269
204 270
204 271
204 272
204 273
204 274
204 275
204 276
204 277
204 278
204 279
204 280
204 281
204 282
204 283
204 284
204 285
204 286
204 287
204 288
204 289
204 290
204 291
204 292
204 293
204 294
204 295
204 296
204 297
204 298
204 299
205 206
205 207
205 208
205 209
205 210
205 211
205 212
205 213
205 214
205 215
205 216
205 217
205 218
205 219
205 220
205 221
205 222
205 223
205 224
205 225
205 226
205 227
205 228
205 229
205 230
205 231
205 232
205 233
205 234
205 235
205 236
205 237
205 238
205 239
205 240
205 241
205 242
205 243
205 244
205 245
205 246
205 247
205 248
205 249
205 250
205 251
205 252
205 253
205 254
205 255
205 256
205 257
205 258
205 259
205 260
205 261
205 262
205 263
205 264
205 265
205 266
205 267
205 268
205 269
205 270
205 271
205 272
205 273
205 274
205 275
205 276
205 277
205 278
205 279
205 280
205 281
205 282
205 283
205 284
205 285
205 286
205 287
205 288
205 289
205 290
205 291
205 292
205 293
205 294
205 295
205 296
205 297
205 298
205 299
206 207
206 208
206 209
206 210
206 211
206 212
206 213
206 214
206 215
206 216
206 217
206 218
206 219
206 220
206 221
206 222
206 223
206 224
206 225
206 226
206 227
206 228
206 229
206 230
206 231
206 232
206 233
206 234
206 235
206 236
206 237
206 238
206 239
206 240
206 241
206 242
206 243
206 244
206 245
206 246
206 247
206 248
206 249
206 250
206 251
206 252
206 253
206 254
206 255
206 256
206 257
206 258
206 259
206 260
206 261
206 262
206 263
206 264
206 265
206 266
206 267
206 268
206 269
206 270
206 271
206 272
206 273
206 274
206 275
206 276
206 277
206 278
206 279
206 280
206 281
206 282
206 283
206 284
206 285
206 286
206 287
206 288
206 289
206 290
206 291
206 292
206 293
206 294
206 295
206 296
206 297
206 298
206 299
207 208
207 209
207 210
207 211
207 212
207 213
207 214
207 215
207 216
207 217
207 218
207 219
207 220
207 221
207 222
207 223
207 224
207 225
207 226
207 227
207 228
207 229
207 230
207 231
207 232
207 233
207 234
207 235
207 236
207 237
207 238
207 239
207 240
207 241
207 242
207 243
207 244
207 245
207 246
207 247
207 248
207 249
207 250
207 251
207 252
207 253
207 254
207 255
207 256
207 257
207 258
207 259
207 260
207 261
207 262
207 263
207 264
207 265
207 266
207 267
207 268
207 269
207 270
207 271
207 272
207 273
207 274
207 275
207 276
207 277
207 278
207 279
207 280
207 281
207 282
207 283
207 284
207 285
207 286
207 287
207 288
207 289
207 290
207 291
207 292
207 293
207 294
207 295
207 296
207 297
207 298
207 299
208 209
208 210
208 211
208 212
208 213
208 214
208 215
208 216
208 217
208 218
208 219
208 220
208 221
208 222
208 223
208 224
208 225
208 226
208 227
208 228
208 229
208 230
208 231
208 232
208 233
208 234
208 235
208 236
208 237
208 238
208 239
208 240
208 241
208 242
208 243
208 244
208 245
208 246
208 247
208 248
208 249
208 250
208 251
208 252
208 253
208 254
208 255
208 256
208 257
208 258
208 259
208 260
208 261
208 262
208 263
208 264
208 265
208 266
208 267
208 268
208 269
208 270
208 271
208 272
208 273
208 274
208 275
208 276
208 277
208 278
208 279
208 280
208 281
208 282
208 283
208 284
208 285
208 286
208 287
208 288
208 289
208 290
208 291
208 292
208 293
208 294
208 295
208 296
208 297
208 298
208 299
209 210
209 211
209 212
209 213
209 214
209 215
209 216
209 217
209 218
209 219
209 220
209 221
209 222
209 223
209 224
209 225
209 226
209 227
209 228
209 229
209 230
209 231
209 232
209 233
209 234
209 235
209 236
209 237
209 238
209 239
209 240
209 241
209 242
209 243
209 244
209 245
209 246
209 247
209 248
209 249
209 250
209 251
209 252
209 253
209 254
209 255
209 256
209 257
209 258
209 259
209 260
209 261
209 262
209 263
209 264
209 265
209 266
209 267
209 268
209 269
209 270
209 271
209 272
209 273
209 274
209 275
209 276
209 277
209 278
209 279
209 280
209 281
209 282
209 283
209 284
209 285
209 286
209 287
209 288
209 289
209 290
209 291
209 292
209 293
209 294
209 295
209 296
209 297
209 298
209 299
210 211
210 212
210 213
210 214
210 215
210 216
210 217
210 218
210 219
210 220
210 221
210 222
210 223
210 224
210 225
210 226
210 227
210 228
210 229
210 230
210 231
210 232
210 233
210 234
210 235
210 236
210 237
210 238
210 239
210 240
210 241
210 242
210 243
210 244
210 245
210 246
210 247
210 248
210 249
210 250
210 251
210 252
210 253
210 254
210 255
210 256
210 257
210 258
210 259
210 260
210 261
210 262
210 263
210 264
210 265
210 266
210 267
210 268
210 269
210 270
210 271
210 272
210 273
210 274
210 275
210 276
210 277
210 278
210 279
210 280
210 281
210 282
210 283
210 284
210 285
210 286
210 287
210 288
210 289
210 290
210 291
210 292
210 293
210 294
210 295
210 296
210 297
210 298
210 299
211 212
211 213
211 214
211 215
211 216
211 217
211 218
211 219
211 220
211 221
211 222
211 223
211 224
211 225
211 226
211 227
211 228
211 229
211 230
211 231
211 232
211 233
211 234
211 235
211 236
211 237
211 238
211 239
211 240
211 241
211 242
211 243
211 244
211 245
211 246
211 247
211 248
211 249
211 250
211 251
211 252
211 253
211 254
211 255
211 256
211 257
211 258
211 259
211 260
211 261
211 262
211 263
211 264
211 265
211 266
211 267
211 268
211 269
211 270
211 271
211 272
211 273
211 274
211 275
211 276
211 277
211 278
211 279
211 280
211 281
211 282
211 283
211 284
211 285
211 286
211 287
211 288
211 289
211 290
211 291
211 292
211 293
211 294
211 295
211 296
211 297
211 298
211 299
212 213
212 214
212 215
212 216
212 217
212 218
212 219
212 220
212 221
212 222
212 223
212 224
212 225
212 226
212 227
212 228
212 229
212 230
212 231
212 232
212 233
212 234
212 235
212 236
212 237
212 238
212 239
212 240
212 241
212 242
212 243
212 244
212 245
212 246
212 247
212 248
212 249
212 250
212 251
212 252
212 253
212 254
212 255
212 256
212 257
212 258
212 259
212 260
212 261
212 262
212 263
212 264
212 265
212 266
212 267
212 268
212 269
212 270
212 271
212 272
212 273
212 274
212 275
212 276
212 277
212 278
212 279
212 280
212 281
212 282
212 283
212 284
212 285
212 286
212 287
212 288
212 289
212 290
212 291
212 292
212 293
212 294
212 295
212 296
212 297
212 298
212 299
213 214
213 215
213 216
213 217
213 218
213 219
213 220
213 221
213 222
213 223
213 224
213 225
213 226
213 227
213 228
213 229
213 230
213 231
213 232
213 233
213 234
213 235
213 236
213 237
213 238
213 239
213 240
213 241
213 242
213 243
213 244
213 245
213 246
213 247
213 248
213 249
213 250
213 251
213 252
213 253
213 254
213 255
213 256
213 257
213 258
213 259
213 260
213 261
213 262
213 263
213 264
213 265
213 266
213 267
213 268
213 269
213 270
213 271
213 272
213 273
213 274
213 275
213 276
213 277
213 278
213 279
213 280
213 281
213 282
213 283
213 284
213 285
213 286
213 287
213 288
213 289
213 290
213 291
213 292
213 293
213 294
213 295
213 296
213 297
213 298
213 299
214 215
214 216
214 217
214 218
214 219
214 220
214 221
214 222
214 223
214 224
214 225
214 226
214 227
214 228
214 229
214 230
214 231
214 232
214 233
214 234
214 235
214 236
214 237
214 238
214 239
214 240
214 241
214 242
214 243
214 244
214 245
214 246
214 247
214 248
214 249
214 250
214 251
214 252
214 253
214 254
214 255
214 256
214 257
214 258
214 259
214 260
214 261
214 262
214 263
214 264
214 265
214 266
214 267
214 268
214 269
214 270
214 271
214 272
214 273
214 274
214 275
214 276
214 277
214 278
214 279
214 280
214 281
214 282
214 283
214 284
214 285
214 286
214 287
214 288
214 289
214 290
214 291
214 292
214 293
214 294
214 295
214 296
214 297
214 298
214 299
215 216
215 217
215 218
215 219
215 220
215 221
215 222
215 223
215 224
215 225
215 226
215 227
215 228
215 229
215 230
215 231
215 232
215 233
215 234
215 235
215 236
215 237
215 238
215 239
215 240
215 241
215 242
215 243
215 244
215 245
215 246
215 247
215 248
215 249
215 250
215 251
215 252
215 253
215 254
215 255
215 256
215 257
215 258
215 259
215 260
215 261
215 262
215 263
215 264
215 265
215 266
215 267
215 268
215 269
215 270
215 271
215 272
215 273
215 274
215 275
215 276
215 277
215 278
215 279
215 280
215 281
215 282
215 283
215 284
215 285
215 286
215 287
215 288
215 289
215 290
215 291
215 292
215 293
215 294
215 295
215 296
215 297
215 298
215 299
216 217
216 218
216 219
216 220
216 221
216 222
216 223
216 224
216 225
216 226
216 227
216 228
216 229
216 230
216 231
216 232
216 233
216 234
216 235
216 236
216 237
216 238
216 239
216 240
216 241
216 242
216 243
216 244
216 245
216 246
216 247
216 248
216 249
216 250
216 251
216 252
216 253
216 254
216 255
216 256
216 257
216 258
216 259
216 260
216 261
216 262
216 263
216 264
216 265
216 266
216 267
216 268
216 269
216 270
216 271
216 272
216 273
216 274
216 275
216 276
216 277
216 278
216 279
216 280
216 281
216 282
216 283
216 284
216 285
216 286
216 287
216 288
216 289
216 290
216 291
216 292
216 293
216 294
216 295
216 296
216 297
216 298
216 299
217 218
217 219
217 220
217 221
217 222
217 223
217 224
217 225
217 226
217 227
217 228
217 229
217 230
217 231
217 232
217 233
217 234
217 235
217 236
217 237
217 238
217 239
217 240
217 241
217 242
217 243
217 244
217 245
217 246
217 247
217 248
217 249
217 250
217 251
217 252
217 253
217 254
217 255
217 256
217 257
217 258
217 259
217 260
217 261
217 262
217 263
217 264
217 265
217 266
217 267
217 268
217 269
217 270
217 271
217 272
217 273
217 274
217 275
217 276
217 277
217 278
217 279
217 280
217 281
217 282
217 283
217 284
217 285
217 286
217 287
217 288
217 289
217 290
217 291
217 292
217 293
217 294
217 295
217 296
217 297
217 298
217 299
218 219
218 220
218 221
218 222
218 223
218 224
218 225
218 226
218 227
218 228
218 229
218 230
218 231
218 232
218 233
218 234
218 235
218 236
218 237
218 238
218 239
218 240
218 241
218 242
218 243
218 244
218 245
218 246
218 247
218 248
218 249
218 250
218 251
218 252
218 253
218 254
218 255
218 256
218 257
218 258
218 259
218 260
218 261
218 262
218 263
218 264
218 265
218 266
218 267
218 268
218 269
218 270
218 271
218 272
218 273
218 274
218 275
218 276
218 277
218 278
218 279
218 280
218 281
218 282
218 283
218 284
218 285
218 286
218 287
218 288
218 289
218 290
218 291
218 292
218 293
218 294
218 295
218 296
218 297
218 298
218 299
219 220
219 221
219 222
219 223
219 224
219 225
219 226
219 227
219 228
219 229
219 230
219 231
219 232
219 233
219 234
219 235
219 236
219 237
219 238
219 239
219 240
219 241
219 242
219 243
219 244
219 245
219 246
219 247
219 248
219 249
219 250
219 251
219 252
219 253
219 254
219 255
219 256
219 257
219 258
219 259
219 260
219 261
219 262
219 263
219 264
219 265
219 266
219 267
219 268
219 269
219 270
219 271
219 272
219 273
219 274
219 275
219 276
219 277
219 278
219 279
219 280
219 281
219 282
219 283
219 284
219 285
219 286
219 287
219 288
219 289
219 290
219 291
219 292
219 293
219 294
219 295
219 296
219 297
219 298
219 299
220 221
220 222
220 223
220 224
220 225
220 226
220 227
220 228
220 229
220 230
220 231
220 232
220 233
220 234
220 235
220 236
220 237
220 238
220 239
220 240
220 241
220 242
220 243
220 244
220 245
220 246
220 247
220 248
220 249
220 250
220 251
220 252
220 253
220 254
220 255
220 256
220 257
220 258
220 259
220 260
220 261
220 262
220 263
220 264
220 265
220 266
220 267
220 268
220 269
220 270
220 271
220 272
220 273
220 274
220 275
220 276
220 277
220 278
220 279
220 280
220 281
220 282
220 283
220 284
220 285
220 286
220 287
220 288
220 289
220 290
220 291
220 292
220 293
220 294
220 295
220 296
220 297
220 298
220 299
221 222
221 223
221 224
221 225
221 226
221 227
221 228
221 229
221 230
221 231
221 232
221 233
221 234
221 235
221 236
221 237
221 238
221 239
221 240
221 241
221 242
221 243
221 244
221 245
221 246
221 247
221 248
221 249
221 250
221 251
221 252
221 253
221 254
221 255
221 256
221 257
221 258
221 259
221 260
221 261
221 262
221 263
221 264
221 265
221 266
221 267
221 268
221 269
221 270
221 271
221 272
221 273
221 274
221 275
221 276
221 277
221 278
221 279
221 280
221 281
221 282
221 283
221 284
221 285
221 286
221 287
221 288
221 289
221 290
221 291
221 292
221 293
221 294
221 295
221 296
221 297
221 298
221 299
222 223
222 224
222 225
222 226
222 227
222 228
222 229
222 230
222 231
222 232
222 233
222 234
222 235
222 236
222 237
222 238
222 239
222 240
222 241
222 242
222 243
222 244
222 245
222 246
222 247
222 248
222 249
222 250
222 251
222 252
222 253
222 254
222 255
222 256
222 257
222 258
222 259
222 260
222 261
222 262
222 263
222 264
222 265
222 266
222 267
222 268
222 269
222 270
222 271
222 272
222 273
222 274
222 275
222 276
222 277
222 278
222 279
222 280
222 281
222 282
222 283
222 284
222 285
222 286
222 287
222 288
222 289
222 290
222 291
222 292
222 293
222 294
222 295
222 296
222 297
222 298
222 299
223 224
223 225
223 226
223 227
223 228
223 229
223 230
223 231
223 232
223 233
223 234
223 235
223 236
223 237
223 238
223 239
223 240
223 241
223 242
223 243
223 244
223 245
223 246
223 247
223 248
223 249
223 250
223 251
223 252
223 253
223 254
223 255
223 256
223 257
223 258
223 259
223 260
223 261
223 262
223 263
223 264
223 265
223 266
223 267
223 268
223 269
223 270
223 271
223 272
223 273
223 274
223 275
223 276
223 277
223 278
223 279
223 280
223 281
223 282
223 283
223 284
223 285
223 286
223 287
223 288
223 289
223 290
223 291
223 292
223 293
223 294
223 295
223 296
223 297
223 298
223 299
224 225
224 226
224 227
224 228
224 229
224 230
224 231
224 232
224 233
224 234
224 235
224 236
224 237
224 238
224 239
224 240
224 241
224 242
224 243
224 244
224 245
224 246
224 247
224 248
224 249
224 250
224 251
224 252
224 253
224 254
224 255
224 256
224 257
224 258
224 259
224 260
224 261
224 262
224 263
224 264
224 265
224 266
224 267
224 268
224 269
224 270
224 271
224 272
224 273
224 274
224 275
224 276
224 277
224 278
224 279
224 280
224 281
224 282
224 283
224 284
224 285
224 286
224 287
224 288
224 289
224 290
224 291
224 292
224 293
224 294
224 295
224 296
224 297
224 298
224 299
225 226
225 227
225 228
225 229
225 230
225 231
225 232
225 233
225 234
225 235
225 236
225 237
225 238
225 239
225 240
225 241
225 242
225 243
225 244
225 245
225 246
225 247
225 248
225 249
225 250
225 251
225 252
225 253
225 254
225 255
225 256
225 257
225 258
225 259
225 260
225 261
225 262
225 263
225 264
225 265
225 266
225 267
225 268
225 269
225 270
225 271
225 272
225 273
225 274
225 275
225 276
225 277
225 278
225 279
225 280
225 281
225 282
225 283
225 284
225 285
225 286
225 287
225 288
225 289
225 290
225 291
225 292
225 293
225 294
225 295
225 296
225 297
225 298
225 299
226 227
226 228
226 229
226 230
226 231
226 232
226 233
226 234
226 235
226 236
226 237
226 238
226 239
226 240
226 241
226 242
226 243
226 244
226 245
226 246
226 247
226 248
226 249
226 250
226 251
226 252
226 253
226 254
226 255
226 256
226 257
226 258
226 259
226 260
226 261
226 262
226 263
226 264
226 265
226 266
226 267
226 268
226 269
226 270
226 271
226 272
226 273
226 274
226 275
226 276
226 277
226 278
226 279
226 280
226 281
226 282
226 283
226 284
226 285
226 286
226 287
226 288
226 289
226 290
226 291
226 292
226 293
226 294
226 295
226 296
226 297
226 298
226 299
227 228
227 229
227 230
227 231
227 232
227 233
227 234
227 235
227 236
227 237
227 238
227 239
227 240
227 241
227 242
227 243
227 244
227 245
227 246
227 247
227 248
227 249
227 250
227 251
227 252
227 253
227 254
227 255
227 256
227 257
227 258
227 259
227 260
227 261
227 262
227 263
227 264
227 265
227 266
227 267
227 268
227 269
227 270
227 271
227 272
227 273
227 274
227 275
227 276
227 277
227 278
227 279
227 280
227 281
227 282
227 283
227 284
227 285
227 286
227 287
227 288
227 289
227 290
227 291
227 292
227 293
227 294
227 295
227 296
227 297
227 298
227 299
228 229
228 230
228 231
228 232
228 233
228 234
228 235
228 236
228 237
228 238
228 239
228 240
228 241
228 242
228 243
228 244
228 245
228 246
228 247
228 248
228 249
228 250
228 251
228 252
228 253
228 254
228 255
228 256
228 257
228 258
228 259
228 260
228 261
228 262
228 263
228 264
228 265
228 266
228 267
228 268
228 269
228 270
228 271
228 272
228 273
228 274
228 275
228 276
228 277
228 278
228 279
228 280
228 281
228 282
228 283
228 284
228 285
228 286
228 287
228 288
228 289
228 290
228 291
228 292
228 293
228 294
228 295
228 296
228 297
228 298
228 299
229 230
229 231
229 232
229 233
229 234
229 235
229 236
229 237
229 238
229 239
229 240
229 241
229 242
229 243
229 244
229 245
229 246
229 247
229 248
229 249
229 250
229 251
229 252
229 253
229 254
229 255
229 256
229 257
229 258
229 259
229 260
229 261
229 262
229 263
229 264
229 265
229 266
229 267
229 268
229 269
229 270
229 271
229 272
229 273
229 274
229 275
229 276
229 277
229 278
229 279
229 280
229 281
229 282
229 283
229 284
229 285
229 286
229 287
229 288
229 289
229 290
229 291
229 292
229 293
229 294
229 295
229 296
229 297
229 298
229 299
230 231
230 232
230 233
230 234
230 235
230 236
230 237
230 238
230 239
230 240
230 241
230 242
230 243
230 244
230 245
230 246
230 247
230 248
230 249
230 250
230 251
230 252
230 253
230 254
230 255
230 256
230 257
230 258
230 259
230 260
230 261
230 262
230 263
230 264
230 265
230 266
230 267
230 268
230 269
230 270
230 271
230 272
230 273
230 274
230 275
230 276
230 277
230 278
230 279
230 280
230 281
230 282
230 283
230 284
230 285
230 286
230 287
230 288
230 289
230 290
230 291
230 292
230 293
230 294
230 295
230 296
230 297
230 298
230 299
231 232
231 233
231 234
231 235
231 236
231 237
231 238
231 239
231 240
231 241
231 242
231 243
231 244
231 245
231 246
231 247
231 248
231 249
231 250
231 251
231 252
231 253
231 254
231 255
231 256
231 257
231 258
231 259
231 260
231 261
231 262
231 263
231 264
231 265
231 266
231 267
231 268
231 269
231 270
231 271
231 272
231 273
231 274
231 275
231 276
231 277
231 278
231 279
231 280
231 281
231 282
231 283
231 284
231 285
231 286
231 287
231 288
231 289
231 290
231 291
231 292
231 293
231 294
231 295
231 296
231 297
231 298
231 299
232 233
232 234
232 235
232 236
232 237
232 238
232 239
232 240
232 241
232 242
232 243
232 244
232 245
232 246
232 247
232 248
232 249
232 250
232 251
232 252
232 253
232 254
232 255
232 256
232 257
232 258
232 259
232 260
232 261
232 262
232 263
232 264
232 265
232 266
232 267
232 268
232 269
232 270
232 271
232 272
232 273
232 274
232 275
232 276
232 277
232 278
232 279
232 280
232 281
232 282
232 283
232 284
232 285
232 286
232 287
232 288
232 289
232 290
232 291
232 292
232 293
232 294
232 295
232 296
232 297
232 298
232 299
233 234
233 235
233 236
233 237
233 238
233 239
233 240
233 241
233 242
233 243
233 244
233 245
233 246
233 247
233 248
233 249
233 250
233 251
233 252
233 253
233 254
233 255
233 256
233 257
233 258
233 259
233 260
233 261
233 262
233 263
233 264
233 265
233 266
233 267
233 268
233 269
233 270
233 271
233 272
233 273
233 274
233 275
233 276
233 277
233 278
233 279
233 280
233 281
233 282
233 283
233 284
233 285
233 286
233 287
233 288
233 289
233 290
233 291
233 292
233 293
233 294
233 295
233 296
233 297
233 298
233 299
234 235
234 236
234 237
234 238
234 239
234 240
234 241
234 242
234 243
234 244
234 245
234 246
234 247
234 248
234 249
234 250
234 251
234 252
234 253
234 254
234 255
234 256
234 257
234 258
234 259
234 260
234 261
234 262
234 263
234 264
234 265
234 266
234 267
234 268
234 269
234 270
234 271
234 272
234 273
234 274
234 275
234 276
234 277
234 278
234 279
234 280
234 281
234 282
234 283
234 284
234 285
234 286
234 287
234 288
234 289
234 290
234 291
234 292
234 293
234 294
234 295
234 296
234 297
234 298
234 299
235 236
235 237
235 238
235 239
235 240
235 241
235 242
235 243
235 244
235 245
235 246
235 247
235 248
235 249
235 250
235 251
235 252
235 253
235 254
235 255
235 256
235 257
235 258
235 259
235 260
235 261
235 262
235 263
235 264
235 265
235 266
235 267
235 268
235 269
235 270
235 271
235 272
235 273
235 274
235 275
235 276
235 277
235 278
235 279
235 280
235 281
235 282
235 283
235 284
235 285
235 286
235 287
235 288
235 289
235 290
235 291
235 292
235 293
235 294
235 295
235 296
235 297
235 298
235 299
236 237
236 238
236 239
236 240
236 241
236 242
236 243
236 244
236 245
236 246
236 247
236 248
236 249
236 250
236 251
236 252
236 253
236 254
236 255
236 256
236 257
236 258
236 259
236 260
236 261
236 262
236 263
236 264
236 265
236 266
236 267
236 268
236 269
236 270
236 271
236 272
236 273
236 274
236 275
236 276
236 277
236 278
236 279
236 280
236 281
236 282
236 283
236 284
236 285
236 286
236 287
236 288
236 289
236 290
236 291
236 292
236 293
236 294
236 295
236 296
236 297
236 298
236 299
237 238
237 239
237 240
237 241
237 242
237 243
237 244
237 245
237 246
237 247
237 248
237 249
237 250
237 251
237 252
237 253
237 254
237 255
237 256
237 257
237 258
237 259
237 260
237 261
237 262
237 263
237 264
237 265
237 266
237 267
237 268
237 269
237 270
237 271
237 272
237 273
237 274
237 275
237 276
237 277
237 278
237 279
237 280
237 281
237 282
237 283
237 284
237 285
237 286
237 287
237 288
237 289
237 290
237 291
237 292
237 293
237 294
237 295
237 296
237 297
237 298
237 299
238 239
238 240
238 241
238 242
238 243
238 244
238 245
238 246
238 247
238 248
238 249
238 250
238 251
238 252
238 253
238 254
238 255
238 256
238 257
238 258
238 259
238 260
238 261
238 262
238 263
238 264
238 265
238 266
238 267
238 268
238 269
238 270
238 271
238 272
238 273
238 274
238 275
238 276
238 277
238 278
238 279
238 280
238 281
238 282
238 283
238 284
238 285
238 286
238 287
238 288
238 289
238 290
238 291
238 292
238 293
238 294
238 295
238 296
238 297
238 298
238 299
239 240
239 241
239 242
239 243
239 244
239 245
239 246
239 247
239 248
239 249
239 250
239 251
239 252
239 253
239 254
239 255
239 256
239 257
239 258
239 259
239 260
239 261
239 262
239 263
239 264
239 265
239 266
239 267
239 268
239 269
239 270
239 271
239 272
239 273
239 274
239 275
239 276
239 277
239 278
239 279
239 280
239 281
239 282
239 283
239 284
239 285
239 286
239 287
239 288
239 289
239 290
239 291
239 292
239 293
239 294
239 295
239 296
239 297
239 298
239 299
240 241
240 242
240 243
240 244
240 245
240 246
240 247
240 248
240 249
240 250
240 251
240 252
240 253
240 254
240 255
240 256
240 257
240 258
240 259
240 260
240 261
240 262
240 263
240 264
240 265
240 266
240 267
240 268
240 269
240 270
240 271
240 272
240 273
240 274
240 275
240 276
240 277
240 278
240 279
240 280
240 281
240 282
240 283
240 284
240 285
240 286
240 287
240 288
240 289
240 290
240 291
240 292
240 293
240 294
240 295
240 296
240 297
240 298
240 299
241 242
241 243
241 244
241 245
241 246
241 247
241 248
241 249
241 250
241 251
241 252
241 253
241 254
241 255
241 256
241 257
241 258
241 259
241 260
241 261
241 262
241 263
241 264
241 265
241 266
241 267
241 268
241 269
241 270
241 271
241 272
241 273
241 274
241 275
241 276
241 277
241 278
241 279
241 280
241 281
241 282
241 283
241 284
241 285
241 286
241 287
241 288
241 289
241 290
241 291
241 292
241 293
241 294
241 295
241 296
241 297
241 298
241 299
242 243
242 244
242 245
242 246
242 247
242 248
242 249
242 250
242 251
242 252
242 253
242 254
242 255
242 256
242 257
242 258
242 259
242 260
242 261
242 262
242 263
242 264
242 265
242 266
242 267
242 268
242 269
242 270
242 271
242 272
242 273
242 274
242 275
242 276
242 277
242 278
242 279
242 280
242 281
242 282
242 283
242 284
242 285
242 286
242 287
242 288
242 289
242 290
242 291
242 292
242 293
242 294
242 295
242 296
242 297
242 298
242 299
243 244
243 245
243 246
243 247
243 248
243 249
243 250
243 251
243 252
243 253
243 254
243 255
243 256
243 257
243 258
243 259
243 260
243 261
243 262
243 263
243 264
243 265
243 266
243 267
243 268
243 269
243 270
243 271
243 272
243 273
243 274
243 275
243 276
243 277
243 278
243 279
243 280
243 281
243 282
243 283
243 284
243 285
243 286
243 287
243 288
243 289
243 290
243 291
243 292
243 293
243 294
243 295
243 296
243 297
243 298
243 299
244 245
244 246
244 247
244 248
244 249
244 250
244 251
244 252
244 253
244 254
244 255
244 256
244 257
244 258
244 259
244 260
244 261
244 262
244 263
244 264
244 265
244 266
244 267
244 268
244 269
244 270
244 271
244 272
244 273
244 274
244 275
244 276
244 277
244 278
244 279
244 280
244 281
244 282
244 283
244 284
244 285
244 286
244 287
244 288
244 289
244 290
244 291
244 292
244 293
244 294
244 295
244 296
244 297
244 298
244 299
245 246
245 247
245 248
245 249
245 250
245 251
245 252
245 253
245 254
245 255
245 256
245 257
245 258
245 259
245 260
245 261
245 262
245 263
245 264
245 265
245 266
245 267
245 268
245 269
245 270
245 271
245 272
245 273
245 274
245 275
245 276
245 277
245 278
245 279
245 280
245 281
245 282
245 283
245 284
245 285
245 286
245 287
245 288
245 289
245 290
245 291
245 292
245 293
245 294
245 295
245 296
245 297
245 298
245 299
246 247
246 248
246 249
246 250
246 251
246 252
246 253
246 254
246 255
246 256
246 257
246 258
246 259
246 260
246 261
246 262
246 263
246 264
246 265
246 266
246 267
246 268
246 269
246 270
246 271
246 272
246 273
246 274
246 275
246 276
246 277
246 278
246 279
246 280
246 281
246 282
246 283
246 284
246 285
246 286
246 287
246 288
246 289
246 290
246 291
246 292
246 293
246 294
246 295
246 296
246 297
246 298
246 299
247 248
247 249
247 250
247 251
247 252
247 253
247 254
247 255
247 256
247 257
247 258
247 259
247 260
247 261
247 262
247 263
247 264
247 265
247 266
247 267
247 268
247 269
247 270
247 271
247 272
247 273
247 274
247 275
247 276
247 277
247 278
247 279
247 280
247 281
247 282
247 283
247 284
247 285
247 286
247 287
247 288
247 289
247 290
247 291
247 292
247 293
247 294
247 295
247 296
247 297
247 298
247 299
248 249
248 250
248 251
248 252
248 253
248 254
248 255
248 256
248 257
248 258
248 259
248 260
248 261
248 262
248 263
248 264
248 265
248 266
248 267
248 268
248 269
248 270
248 271
248 272
248 273
248 274
248 275
248 276
248 277
248 278
248 279
248 280
248 281
248 282
248 283
248 284
248 285
248 286
248 287
248 288
248 289
248 290
248 291
248 292
248 293
248 294
248 295
248 296
248 297
248 298
248 299
249 250
249 251
249 252
249 253
249 254
249 255
249 256
249 257
249 258
249 259
249 260
249 261
249 262
249 263
249 264
249 265
249 266
249 267
249 268
249 269
249 270
249 271
249 272
249 273
249 274
249 275
249 276
249 277
249 278
249 279
249 280
249 281
249 282
249 283
249 284
249 285
249 286
249 287
249 288
249 289
249 290
249 291
249 292
249 293
249 294
249 295
249 296
249 297
249 298
249 299
250 251
250 252
250 253
250 254
250 255
250 256
250 257
250 258
250 259
250 260
250 261
250 262
250 263
250 264
250 265
250 266
250 267
250 268
250 269
250 270
250 271
250 272
250 273
250 274
250 275
250 276
250 277
250 278
250 279
250 280
250 281
250 282
250 283
250 284
250 285
250 286
250 287
250 288
250 289
250 290
250 291
250 292
250 293
250 294
250 295
250 296
250 297
250 298
250 299
251 252
251 253
251 254
251 255
251 256
251 257
251 258
251 259
251 260
251 261
251 262
251 263
251 264
251 265
251 266
251 267
251 268
251 269
251 270
251 271
251 272
251 273
251 274
251 275
251 276
251 277
251 278
251 279
251 280
251 281
251 282
251 283
251 284
251 285
251 286
251 287
251 288
251 289
251 290
251 291
251 292
251 293
251 294
251 295
251 296
251 297
251 298
251 299
252 253
252 254
252 255
252 256
252 257
252 258
252 259
252 260
252 261
252 262
252 263
252 264
252 265
252 266
252 267
252 268
252 269
252 270
252 271
252 272
252 273
252 274
252 275
252 276
252 277
252 278
252 279
252 280
252 281
252 282
252 283
252 284
252 285
252 286
252 287
252 288
252 289
252 290
252 291
252 292
252 293
252 294
252 295
252 296
252 297
252 298
252 299
253 254
253 255
253 256
253 257
253 258
253 259
253 260
253 261
253 262
253 263
253 264
253 265
253 266
253 267
253 268
253 269
253 270
253 271
253 272
253 273
253 274
253 275
253 276
253 277
253 278
253 279
253 280
253 281
253 282
253 283
253 284
253 285
253 286
253 287
253 288
253 289
253 290
253 291
253 292
253 293
253 294
253 295
253 296
253 297
253 298
253 299
254 255
254 256
254 257
254 258
254 259
254 260
254 261
254 262
254 263
254 264
254 265
254 266
254 267
254 268
254 269
254 270
254 271
254 272
254 273
254 274
254 275
254 276
254 277
254 278
254 279
254 280
254 281
254 282
254 283
254 284
254 285
254 286
254 287
254 288
254 289
254 290
254 291
254 292
254 293
254 294
254 295
254 296
254 297
254 298
254 299
255 256
255 257
255 258
255 259
255 260
255 261
255 262
255 263
255 264
255 265
255 266
255 267
255 268
255 269
255 270
255 271
255 272
255 273
255 274
255 275
255 276
255 277
255 278
255 279
255 280
255 281
255 282
255 283
255 284
255 285
255 286
255 287
255 288
255 289
255 290
255 291
255 292
255 293
255 294
255 295
255 296
255 297
255 298
255 299
256 257
256 258
256 259
256 260
256 261
256 262
256 263
256 264
256 265
256 266
256 267
256 268
256 269
256 270
256 271
256 272
256 273
256 274
256 275
256 276
256 277
256 278
256 279
256 280
256 281
256 282
256 283
256 284
256 285
256 286
256 287
256 288
256 289
256 290
256 291
256 292
256 293
256 294
256 295
256 296
256 297
256 298
256 299
257 258
257 259
257 260
257 261
257 262
257 263
257 264
257 265
257 266
257 267
257 268
257 269
257 270
257 271
257 272
257 273
257 274
257 275
257 276
257 277
257 278
257 279
257 280
257 281
257 282
257 283
257 284
257 285
257 286
257 287
257 288
257 289
257 290
257 291
257 292
257 293
257 294
257 295
257 296
257 297
257 298
257 299
258 259
258 260
258 261
258 262
258 263
258 264
258 265
258 266
258 267
258 268
258 269
258 270
258 271
258 272
258 273
258 274
258 275
258 276
258 277
258 278
258 279
258 280
258 281
258 282
258 283
258 284
258 285
258 286
258 287
258 288
258 289
258 290
258 291
258 292
258 293
258 294
258 295
258 296
258 297
258 298
258 299
259 260
259 261
259 262
259 263
259 264
259 265
259 266
259 267
259 268
259 269
259 270
259 271
259 272
259 273
259 274
259 275
259 276
259 277
259 278
259 279
259 280
259 281
259 282
259 283
259 284
259 285
259 286
259 287
259 288
259 289
259 290
259 291
259 292
259 293
259 294
259 295
259 296
259 297
259 298
259 299
260 261
260 262
260 263
260 264
260 265
260 266
260 267
260 268
260 269
260 270
260 271
260 272
260 273
260 274
260 275
260 276
260 277
260 278
260 279
260 280
260 281
260 282
260 283
260 284
260 285
260 286
260 287
260 288
260 289
260 290
260 291
260 292
260 293
260 294
260 295
260 296
260 297
260 298
260 299
261 262
261 263
261 264
261 265
261 266
261 267
261 268
261 269
261 270
261 271
261 272
261 273
261 274
261 275
261 276
261 277
261 278
261 279
261 280
261 281
261 282
261 283
261 284
261 285
261 286
261 287
261 288
261 289
261 290
261 291
261 292
261 293
261 294
261 295
261 296
261 297
261 298
261 299
262 263
262 264
262 265
262 266
262 267
262 268
262 269
262 270
262 271
262 272
262 273
262 274
262 275
262 276
262 277
262 278
262 279
262 280
262 281
262 282
262 283
262 284
262 285
262 286
262 287
262 288
262 289
262 290
262 291
262 292
262 293
262 294
262 295
262 296
262 297
262 298
262 299
263 264
263 265
263 266
263 267
263 268
263 269
263 270
263 271
263 272
263 273
263 274
263 275
263 276
263 277
263 278
263 279
263 280
263 281
263 282
263 283
263 284
263 285
263 286
263 287
263 288
263 289
263 290
263 291
263 292
263 293
263 294
263 295
263 296
263 297
263 298
263 299
264 265
264 266
264 267
264 268
264 269
264 270
264 271
264 272
264 273
264 274
264 275
264 276
264 277
264 278
264 279
264 280
264 281
264 282
264 283
264 284
264 285
264 286
264 287
264 288
264 289
264 290
264 291
264 292
264 293
264 294
264 295
264 296
264 297
264 298
264 299
265 266
265 267
265 268
265 269
265 270
265 271
265 272
265 273
265 274
265 275
265 276
265 277
265 278
265 279
265 280
265 281
265 282
265 283
265 284
265 285
265 286
265 287
265 288
265 289
265 290
265 291
265 292
265 293
265 294
265 295
265 296
265 297
265 298
265 299
266 267
266 268
266 269
266 270
266 271
266 272
266 273
266 274
266 275
266 276
266 277
266 278
266 279
266 280
266 281
266 282
266 283
266 284
266 285
266 286
266 287
266 288
266 289
266 290
266 291
266 292
266 293
266 294
266 295
266 296
266 297
266 298
266 299
267 268
267 269
267 270
267 271
267 272
267 273
267 274
267 275
267 276
267 277
267 278
267 279
267 280
267 281
267 282
267 283
267 284
267 285
267 286
267 287
267 288
267 289
267 290
267 291
267 292
267 293
267 294
267 295
267 296
267 297
267 298
267 299
268 269
268 270
268 271
268 272
268 273
268 274
268 275
268 276
268 277
268 278
268 279
268 280
268 281
268 282
268 283
268 284
268 285
268 286
268 287
268 288
268 289
268 290
268 291
268 292
268 293
268 294
268 295
268 296
268 297
268 298
268 299
269 270
269 271
269 272
269 273
269 274
269 275
269 276
269 277
269 278
269 279
269 280
269 281
269 282
269 283
269 284
269 285
269 286
269 287
269 288
269 289
269 290
269 291
269 292
269 293
269 294
269 295
269 296
269 297
269 298
269 299
270 271
270 272
270 273
270 274
270 275
270 276
270 277
270 278
270 279
270 280
270 281
270 282
270 283
270 284
270 285
270 286
270 287
270 288
270 289
270 290
270 291
270 292
270 293
270 294
270 295
270 296
270 297
270 298
270 299
271 272
271 273
271 274
271 275
271 276
271 277
271 278
271 279
271 280
271 281
271 282
271 283
271 284
271 285
271 286
271 287
271 288
271 289
271 290
271 291
271 292
271 293
271 294
271 295
271 296
271 297
271 298
271 299
272 273
272 274
272 275
272 276
272 277
272 278
272 279
272 280
272 281
272 282
272 283
272 284
272 285
272 286
272 287
272 288
272 289
272 290
272 291
272 292
272 293
272 294
272 295
272 296
272 297
272 298
272 299
273 274
273 275
273 276
273 277
273 278
273 279
273 280
273 281
273 282
273 283
273 284
273 285
273 286
273 287
273 288
273 289
273 290
273 291
273 292
273 293
273 294
273 295
273 296
273 297
273 298
273 299
274 275
274 276
274 277
274 278
274 279
274 280
274 281
274 282
274 283
274 284
274 285
274 286
274 287
274 288
274 289
274 290
274 291
274 292
274 293
274 294
274 295
274 296
274 297
274 298
274 299
275 276
275 277
275 278
275 279
275 280
275 281
275 282
275 283
275 284
275 285
275 286
275 287
275 288
275 289
275 290
275 291
275 292
275 293
275 294
275 295
275 296
275 297
275 298
275 299
276 277
276 278
276 279
276 280
276 281
276 282
276 283
276 284
276 285
276 286
276 287
276 288
276 289
276 290
276 291
276 292
276 293
276 294
276 295
276 296
276 297
276 298
276 299
277 278
277 279
277 280
277 281
277 282
277 283
277 284
277 285
277 286
277 287
277 288
277 289
277 290
277 291
277 292
277 293
277 294
277 295
277 296
277 297
277 298
277 299
278 279
278 280
278 281
278 282
278 283
278 284
278 285
278 286
278 287
278 288
278 289
278 290
278 291
278 292
278 293
278 294
278 295
278 296
278 297
278 298
278 299
279 280
279 281
279 282
279 283
279 284
279 285
279 286
279 287
279 288
279 289
279 290
279 291
279 292
279 293
279 294
279 295
279 296
279 297
279 298
279 299
280 281
280 282
280 283
280 284
280 285
280 286
280 287
280 288
280 289
280 290
280 291
280 292
280 293
280 294
280 295
280 296
280 297
280 298
280 299
281 282
281 283
281 284
281 285
281 286
281 287
281 288
281 289
281 290
281 291
281 292
281 293
281 294
281 295
281 296
281 297
281 298
281 299
282 283
282 284
282 285
282 286
282 287
282 288
282 289
282 290
282 291
282 292
282 293
282 294
282 295
282 296
282 297
282 298
282 299
283 284
283 285
283 286
283 287
283 288
283 289
283 290
283 291
283 292
283 293
283 294
283 295
283 296
283 297
283 298
283 299
284 285
284 286
284 287
284 288
284 289
284 290
284 291
284 292
284 293
284 294
284 295
284 296
284 297
284 298
284 299
285 286
285 287
285 288
285 289
285 290
285 291
285 292
285 293
285 294
285 295
285 296
285 297
285 298
285 299
286 287
286 288
286 289
286 290
286 291
286 292
286 293
286 294
286 295
286 296
286 297
286 298
286 299
287 288
287 289
287 290
287 291
287 292
287 293
287 294
287 295
287 296
287 297
287 298
287 299
288 289
288 290
288 291
288 292
288 293
288 294
288 295
288 296
288 297
288 298
288 299
289 290
289 291
289 292
289 293
289 294
289 295
289 296
289 297
289 298
289 299
290 291
290 292
290 293
290 294
290 295
290 296
290 297
290 298
290 299
291 292
291 293
291 294
291 295
291 296
291 297
291 298
291 299
292 293
292 294
292 295
292 296
292 297
292 298
292 299
293 294
293 295
293 296
293 297
293 298
293 299
294 295
294 296
294 297
294 298
294 299
295 296
295 297
295 298
295 299
296 297
296 298
296 299
297 298
297 299
298 299
300 301
301 302
302 303
303 304
304 305
305 306
306 307
307 308
308 309
309 310
310 311
311 312
312 313
313 314
314 315
315 316
316 317
317 318
318 319
319 320
320 321
321 322
322 323
323 324
324 325
325 326
326 327
327 328
328 329
329 330
330 331
331 332
332 333
333 334
334 335
335 336
336 337
337 338
338 339
339 340
340 341
341 342
342 343
343 344
344 345
345 346
346 347
347 348
348 349
349 350
350 351
351 352
352 353
353 354
354 355
355 356
356 357
357 358
358 359
359 360
360 361
361 362
362 363
363 364
364 365
365 366
366 367
367 368
368 369
369 370
370 371
371 372
372 373
373 374
374 375
375 376
376 377
377 378
378 379
379 380
380 381
381 382
382 383
383 384
384 385
385 386
386 387
387 388
388 389
389 390
390 391
391 392
392 393
393 394
394 395
395 396
396 397
397 398
398 399
400 401
400 402
400 403
400 404
400 405
400 406
400 407
400 408
400 409
400 410
400 411
400 412
400 413
400 414
400 415
400 416
400 417
400 418
400 419
400 420
400 421
400 422
400 423
400 424
400 425
400 426
400 427
400 428
400 429
400 430
400 431
400 432
400 433
400 434
400 435
400 436
400 437
400 438
400 439
400 440
400 441
400 442
400 443
400 444
400 445
400 446
400 447
400 448
400 449
401 402
401 403
401 404
401 405
401 406
401 407
401 408
401 409
401 410
401 411
401 412
401 413
401 414
401 415
401 416
401 417
401 418
401 419
401 420
401 421
401 422
401 423
401 424
401 425
401 426
401 427
401 428
401 429
401 430
401 431
401 432
401 433
401 434
401 435
401 436
401 437
401 438
401 439
401 440
401 441
401 442
401 443
401 444
401 445
401 446
401 447
401 448
401 449
402 403
402 404
402 405
402 406
402 407
402 408
402 409
402 410
402 411
402 412
402 413
402 414
402 415
402 416
402 417
402 418
402 419
402 420
402 421
402 422
402 423
402 424
402 425
402 426
402 427
402 428
402 429
402 430
402 431
402 432
402 433
402 434
402 435
402 436
402 437
402 438
402 439
402 440
402 441
402 442
402 443
402 444
402 445
402 446
402 447
402 448
402 449
403 404
403 405
403 406
403 407
403 408
403 409
403 410
403 411
403 412
403 413
403 414
403 415
403 416
403 417
403 418
403 419
403 420
403 421
403 422
403 423
403 424
403 425
403 426
403 427
403 428
403 429
403 430
403 431
403 432
403 433
403 434
403 435
403 436
403 437
403 438
403 439
403 440
403 441
403 442
403 443
403 444
403 445
403 446
403 447
403 448
403 449
404 405
404 406
404 407
404 408
404 409
404 410
404 411
404 412
404 413
404 414
404 415
404 416
404 417
404 418
404 419
404 420
404 421
404 422
404 423
404 424
404 425
404 426
404 427
404 428
404 429
404 430
404 431
404 432
404 433
404 434
404 435
404 436
404 437
404 438
404 439
404 440
404 441
404 442
404 443
404 444
404 445
404 446
404 447
404 448
404 449
405 406
405 407
405 408
405 409
405 410
405 411
405 412
405 413
405 414
405 415
405 416
405 417
405 418
405 419
405 420
405 421
405 422
405 423
405 424
405 425
405 426
405 427
405 428
405 429
405 430
405 431
405 432
405 433
405 434
405 435
405 436
405 437
405 438
405 439
405 440
405 441
405 442
405 443
405 444
405 445
405 446
405 447
405 448
405 449
406 407
406 408
406 409
406 410
406 411
406 412
406 413
406 414
406 415
406 416
406 417
406 418
406 419
406 420
406 421
406 422
406 423
406 424
406 425
406 426
406 427
406 428
406 429
406 430
406 431
406 432
406 433
406 434
406 435
406 436
406 437
406 438
406 439
406 440
406 441
406 442
406 443
406 444
406 445
406 446
406 447
406 448
406 449
407 408
407 409
407 410
407 411
407 412
407 413
407 414
407 415
407 416
407 417
407 418
407 419
407 420
407 421
407 422
407 423
407 424
407 425
407 426
407 427
407 428
407 429
407 430
407 431
407 432
407 433
407 434
407 435
407 436
407 437
407 438
407 439
407 440
407 441
407 442
407 443
407 444
407 445
407 446
407 447
407 448
407 449
408 409
408 410
408 411
408 412
408 413
408 414
408 415
408 416
408 417
408 418
408 419
408 420
408 421
408 422
408 423
408 424
408 425
408 426
408 427
408 428
408 429
408 430
408 431
408 432
408 433
408 434
408 435
408 436
408 437
408 438
408 439
408 440
408 441
408 442
408 443
408 444
408 445
408 446
408 447
408 448
408 449
409 410
409 411
409 412
409 413
409 414
409 415
409 416
409 417
409 418
409 419
409 420
409 421
409 422
409 423
409 424
409 425
409 426
409 427
409 428
409 429
409 430
409 431
409 432
409 433
409 434
409 435
409 436
409 437
409 438
409 439
409 440
409 441
409 442
409 443
409 444
409 445
409 446
409 447
409 448
409 449
410 411
410 412
410 413
410 414
410 415
410 416
410 417
410 418
410 419
410 420
410 421
410 422
410 423
410 424
410 425
410 426
410 427
410 428
410 429
410 430
410 431
410 432
410 433
410 434
410 435
410 436
410 437
410 438
410 439
410 440
410 441
410 442
410 443
410 444
410 445
410 446
410 447
410 448
410 449
411 412
411 413
411 414
411 415
411 416
411 417
411 418
411 419
411 420
411 421
411 422
411 423
411 424
411 425
411 426
411 427
411 428
411 429
411 430
411 431
411 432
411 433
411 434
411 435
411 436
411 437
411 438
411 439
411 440
411 441
411 442
411 443
411 444
411 445
411 446
411 447
411 448
411 449
412 413
412 414
412 415
412 416
412 417
412 418
412 419
412 420
412 421
412 422
412 423
412 424
412 425
412 426
412 427
412 428
412 429
412 430
412 431
412 432
412 433
412 434
412 435
412 436
412 437
412 438
412 439
412 440
412 441
412 442
412 443
412 444
412 445
412 446
412 447
412 448
412 449
413 414
413 415
413 416
413 417
413 418
413 419
413 420
413 421
413 422
413 423
413 424
413 425
413 426
413 427
413 428
413 429
413 430
413 431
413 432
413 433
413 434
413 435
413 436
413 437
413 438
413 439
413 440
413 441
413 442
413 443
413 444
413 445
413 446
413 447
413 448
413 449
414 415
414 416
414 417
414 418
414 419
414 420
414 421
414 422
414 423
414 424
414 425
414 426
414 427
414 428
414 429
414 430
414 431
414 432
414 433
414 434
414 435
414 436
414 437
414 438
414 439
414 440
414 441
414 442
414 443
414 444
414 445
414 446
414 447
414 448
414 449
415 416
415 417
415 418
415 419
415 420
415 421
415 422
415 423
415 424
415 425
415 426
415 427
415 428
415 429
415 430
415 431
415 432
415 433
415 434
415 435
415 436
415 437
415 438
415 439
415 440
415 441
415 442
415 443
415 444
415 445
415 446
415 447
415 448
415 449
416 417
416 418
416 419
416 420
416 421
416 422
416 423
416 424
416 425
416 426
416 427
416 428
416 429
416 430
416 431
416 432
416 433
416 434
416 435
416 436
416 437
416 438
416 439
416 440
416 441
416 442
416 443
416 444
416 445
416 446
416 447
416 448
416 449
417 418
417 419
417 420
417 421
417 422
417 423
417 424
417 425
417 426
417 427
417 428
417 429
417 430
417 431
417 432
417 433
417 434
417 435
417 436
417 437
417 438
417 439
417 440
417 441
417 442
417 443
417 444
417 445
417 446
417 447
417 448
417 449
418 419
418 420
418 421
418 422
418 423
418 424
418 425
418 426
418 427
418 428
418 429
418 430
418 431
418 432
418 433
418 434
418 435
418 436
418 437
418 438
418 439
418 440
418 441
418 442
418 443
418 444
418 445
418 446
418 447
418 448
418 449
419 420
419 421
419 422
419 423
419 424
419 425
419 426
419 427
419 428
419 429
419 430
419 431
419 432
419 433
419 434
419 435
419 436
419 437
419 438
419 439
419 440
419 441
419 442
419 443
419 444
419 445
419 446
419 447
419 448
419 449
420 421
420 422
420 423
420 424
420 425
420 426
420 427
420 428
420 429
420 430
420 431
420 432
420 433
420 434
420 435
420 436
420 437
420 438
420 439
420 440
420 441
420 442
420 443
420 444
420 445
420 446
420 447
420 448
420 449
421 422
421 423
421 424
421 425
421 426
421 427
421 428
421 429
421 430
421 431
421 432
421 433
421 434
421 435
421 436
421 437
421 438
421 439
421 440
421 441
421 442
421 443
421 444
421 445
421 446
421 447
421 448
421 449
422 423
422 424
422 425
422 426
422 427
422 428
422 429
422 430
422 431
422 432
422 433
422 434
422 435
422 436
422 437
422 438
422 439
422 440
422 441
422 442
422 443
422 444
422 445
422 446
422 447
422 448
422 449
423 424
423 425
423 426
423 427
423 428
423 429
423 430
423 431
423 432
423 433
423 434
423 435
423 436
423 437
423 438
423 439
423 440
423 441
423 442
423 443
423 444
423 445
423 446
423 447
423 448
423 449
424 425
424 426
424 427
424 428
424 429
424 430
424 431
424 432
424 433
424 434
424 435
424 436
424 437
424 438
424 439
424 440
424 441
424 442
424 443
424 444
424 445
424 446
424 447
424 448
424 449
425 426
425 427
425 428
425 429
425 430
425 431
425 432
425 433
425 434
425 435
425 436
425 437
425 438
425 439
425 440
425 441
425 442
425 443
425 444
425 445
425 446
425 447
425 448
425 449
426 427
426 428
426 429
426 430
426 431
426 432
426 433
426 434
426 435
426 436
426 437
426 438
426 439
426 440
426 441
426 442
426 443
426 444
426 445
426 446
426 447
426 448
426 449
427 428
427 429
427 430
427 431
427 432
427 433
427 434
427 435
427 436
427 437
427 438
427 439
427 440
427 441
427 442
427 443
427 444
427 445
427 446
427 447
427 448
427 449
428 429
428 430
428 431
428 432
428 433
428 434
428 435
428 436
428 437
428 438
428 439
428 440
428 441
428 442
428 443
428 444
428 445
428 446
428 447
428 448
428 449
429 430
429 431
429 432
429 433
429 434
429 435
429 436
429 437
429 438
429 439
429 440
429 441
429 442
429 443
429 444
429 445
429 446
429 447
429 448
429 449
430 431
430 432
430 433
430 434
430 435
430 436
430 437
430 438
430 439
430 440
430 441
430 442
430 443
430 444
430 445
430 446
430 447
430 448
430 449
431 432
431 433
431 434
431 435
431 436
431 437
431 438
431 439
431 440
431 441
431 442
431 443
431 444
431 445
431 446
431 447
431 448
431 449
432 433
432 434
432 435
432 436
432 437
432 438
432 439
432 440
432 441
432 442
432 443
432 444
432 445
432 446
432 447
432 448
432 449
433 434
433 435
433 436
433 437
433 438
433 439
433 440
433 441
433 442
433 443
433 444
433 445
433 446
433 447
433 448
433 449
434 435
434 436
434 437
434 438
434 439
434 440
434 441
434 442
434 443
434 444
434 445
434 446
434 447
434 448
434 449
435 436
435 437
435 438
435 439
435 440
435 441
435 442
435 443
435 444
435 445
435 446
435 447
435 448
435 449
436 437
436 438
436 439
436 440
436 441
436 442
436 443
436 444
436 445
436 446
436 447
436 448
436 449
437 438
437 439
437 440
437 441
437 442
437 443
437 444
437 445
437 446
437 447
437 448
437 449
438 439
438 440
438 441
438 442
438 443
438 444
438 445
438 446
438 447
438 448
438 449
439 440
439 441
439 442
439 443
439 444
439 445
439 446
439 447
439 448
439 449
440 441
440 442
440 443
440 444
440 445
440 446
440 447
440 448
440 449
441 442
441 443
441 444
441 445
441 446
441 447
441 448
441 449
442 443
442 444
442 445
442 446
442 447
442 448
442 449
443 444
443 445
443 446
443 447
443 448
443 449
444 445
444 446
444 447
444 448
444 449
445 446
445 447
445 448
445 449
446 447
446 448
446 449
447 448
447 449
448 449
450 451
451 452
452 453
453 454
454 455
455 456
456 457
457 458
458 459
459 460
460 461
461 462
462 463
463 464
464 465
465 466
466 467
467 468
468 469
469 470
470 471
471 472
472 473
473 474
474 475
475 476
476 477
477 478
478 479
479 480
480 481
481 482
482 483
483 484
484 485
485 486
486 487
487 488
488 489
489 490
490 491
491 492
492 493
493 494
494 495
495 496
496 497
497 498
498 499
49 50
49 51
49 52
49 53
49 54
49 55
49 56
49 57
49 58
49 59
49 60
49 61
49 62
49 63
49 64
49 65
49 66
49 67
49 68
49 69
49 70
49 71
49 72
49 73
49 74
49 75
49 76
49 77
49 78
49 79
49 80
49 81
49 82
49 83
49 84
49 85
49 86
49 87
49 88
49 89
49 90
49 91
49 92
49 93
49 94
49 95
49 96
49 97
49 98
49 99
100 50
100 51
100 52
100 53
100 54
100 55
100 56
100 57
100 58
100 59
100 60
100 61
100 62
100 63
100 64
100 65
100 66
100 67
100 68
100 69
100 70
100 71
100 72
100 73
100 74
100 75
100 76
100 77
100 78
100 79
100 80
100 81
100 82
100 83
100 84
100 85
100 86
100 87
100 88
100 89
100 90
100 91
100 92
100 93
100 94
100 95
100 96
100 97
100 98
100 99
199 200
199 201
199 202
199 203
199 204
199 205
199 206
199 207
199 208
199 209
199 210
199 211
199 212
199 213
199 214
199 215
199 216
199 217
199 218
199 219
199 220
199 221
199 222
199 223
199 224
199 225
199 226
199 227
199 228
199 229
199 230
199 231
199 232
199 233
199 234
199 235
199 236
199 237
199 238
199 239
199 240
199 241
199 242
199 243
199 244
199 245
199 246
199 247
199 248
199 249
199 250
199 251
199 252
199 253
199 254
199 255
199 256
199 257
199 258
199 259
199 260
199 261
199 262
199 263
199 264
199 265
199 266
199 267
199 268
199 269
199 270
199 271
199 272
199 273
199 274
199 275
199 276
199 277
199 278
199 279
199 280
199 281
199 282
199 283
199 284
199 285
199 286
199 287
199 288
199 289
199 290
199 291
199 292
199 293
199 294
199 295
199 296
199 297
199 298
199 299
300 200
300 201
300 202
300 203
300 204
300 205
300 206
300 207
300 208
300 209
300 210
300 211
300 212
300 213
300 214
300 215
300 216
300 217
300 218
300 219
300 220
300 221
300 222
300 223
300 224
300 225
300 226
300 227
300 228
300 229
300 230
300 231
300 232
300 233
300 234
300 235
300 236
300 237
300 238
300 239
300 240
300 241
300 242
300 243
300 244
300 245
300 246
300 247
300 248
300 249
300 250
300 251
300 252
300 253
300 254
300 255
300 256
300 257
300 258
300 259
300 260
300 261
300 262
300 263
300 264
300 265
300 266
300 267
300 268
300 269
300 270
300 271
300 272
300 273
300 274
300 275
300 276
300 277
300 278
300 279
300 280
300 281
300 282
300 283
300 284
300 285
300 286
300 287
300 288
300 289
300 290
300 291
300 292
300 293
300 294
300 295
300 296
300 297
300 298
300 299
399 400
399 401
399 402
399 403
399 404
399 405
399 406
399 407
399 408
399 409
399 410
399 411
399 412
399 413
399 414
399 415
399 416
399 417
399 418
399 419
399 420
399 421
399 422
399 423
399 424
399 425
399 426
399 427
399 428
399 429
399 430
399 431
399 432
399 433
399 434
399 435
399 436
399 437
399 438
399 439
399 440
399 441
399 442
399 443
399 444
399 445
399 446
399 447
399 448
399 449
450 400
450 401
450 402
450 403
450 404
450 405
450 406
450 407
450 408
450 409
450 410
450 411
450 412
450 413
450 414
450 415
450 416
450 417
450 418
450 419
450 420
450 421
450 422
450 423
450 424
450 425
450 426
450 427
450 428
450 429
450 430
450 431
450 432
450 433
450 434
450 435
450 436
450 437
450 438
450 439
450 440
450 441
450 442
450 443
450 444
450 445
450 446
450 447
450 448
450 449
215
149
219
9
119
215
106
319
318
117
494
348
19
233
398
256
325
430
166
44
389
441
31
366
201
238
132
78
309
490
229
431
348
323
250
22
56
268
270
155
448
425
27
13
49
80
95
328
30
496
67
177
276
479
138
277
260
473
156
58
75
243
464
459
32
254
159
274
32
317
309
271
43
399
30
123
441
142
248
473
41
405
407
201
187
7
214
292
235
123
464
40
232
318
11
494
37
379
45
227
172
417
57
163
124
142
228
188
172
489
431
147
107
163
38
56
299
203
71
11
139
174
136
451
360
192
69
202
357
209
456
396
349
115
37
154
320
256
392
17
224
438
157
275
328
440
307
211
488
383
315
40
46
4
202
467
462
64
307
11
330
140
145
82
481
248
122
329
206
388
92
383
364
91
349
411
395
221
465
10
324
214
155
245
67
451
250
130
232
234
302
408
172
412
146
255
119
449
5
24
402
188
486
325
78
418
57
283
31
259
286
211
247
204
129
218
115
84
306
162
55
26
496
326
149
193
32
269
279
248
271
1
327
222
349
30
443
403
478
124
288
392
348
307
165
201
74
64
458
384
263
161
228
285
362
244
445
449
489
482
10
384
39
255
156
24
125
311
382
480
425
345
356
92
60
172
11
447
345
93
11
297
77
446
91
131
48
33
229
65
258
455
69
470
416
476
115
194
468
128
60
220
396
28
379
75
410
105
104
34
18
412
206
113
252
181
5
216
283
424
359
280
98
249
476
165
355
310
300
197
160
90
410
194
212
150
388
10
239
323
309
429
343
180
207
421
295
142
70
493
412
160
76
11
9
418
261
258
454
306
228
167
65
95
66
1
224
108
179
306
97
93
377
102
222
123
268
203
210
462
8
359
169
250
383
302
328
386
198
253
340
384
36
259
47
231
430
87
18
349
243
118
129
489
285
314
426
168
38
433
8
176
128
170
383
51
158
259
52
308
380
406
353
322
44
122
212
413
328
271
156
202
458
128
423
16
70
67
405
3
392
345
492
278
389
289
483
374
71
138
486
484
317
262
354
306
101
182
41
427
493
158
217
316
77
441
308
94
178
455
294
193
31
462
390
6
2
455
108
127
82
457
62
45
207
249
26
45
72
144
398
268
410
214
459
78
188
271
257
129
162
108
291
187
16
308
12
365
111
121
18
50
348
329
308
300
411
247
331
68
8
434
33
212
395
359
280
276
142
207
236
289
225
82
37
128
109
235
212
68
305
370
320
76
142
425
183
140
205
133
444
302
241
63
340
153
137
290
155
145
424
394
473
441
283
319
119
440
313
174
433
493
269
83
262
138
221
169
486
316
146
215
302
404
106
254
16
284
302
446
442
216
330
254
416
38
93
414
357
419
428
86
213
389
436
187
399
468
441
12
224
18
433
63
231
30
246
458
373
57
195
60
284
62
236
467
89
485
355
469
265
44
382
313
311
184
327
119
426
316
119
127
314
320
216
6
283
263
205
374
361
274
318
152
282
173
445
138
318
280
422
347
326
340
128
196
219
116
412
302
277
116
162
321
452
322
171
320
321
91
371
377
254
436
348
133
284
447
131
136
426
450
188
260
371
206
221
305
103
435
242
402
291
269
427
468
200
435
28
23
244
239
173
204
294
299
413
373
493
480
48
436
474
367
306
65
175
387
459
463
369
377
10
307
368
12
6
194
201
445
23
467
142
271
187
157
267
16
101
390
429
289
439
259
201
167
434
202
22
18
218
98
115
165
196
233
406
104
193
390
390
425
87
71
232
153
435
279
418
116
369
158
452
115
408
226
413
456
234
89
241
448
449
257
407
337
450
136
185
117
226
436
38
454
300
287
136
376
458
202
219
185
486
393
205
352
405
200
47
246
285
73
438
294
324
42
5
127
366
317
401
135
94
340
380
39
236
52
446
421
73
137
294
371
384
493
121
240
61
286
86
230
177
497
167
431
283
67
379
269
37
367
487
135
205
60
340
422
244
449
16
93
230
352
69
82
251
463
174
170
326
52
249
210
156
72
179
185
345
32
471
67
74
369
464
45
303
244
67
152
142
106
373
241
416
126
367
384
17
266
244
133
76
164
14
64
453
434
69
83
190
253
377
489
391
104
74
485
494
382
183
272
289
454
370
44
87
338
237
44
307
471
177
279
361
334
435
165
469
85
315
385
197
439
305
157
197
401
241
21
24
181
123
185
433
46
323
419
370
302
140
86
60
64
336
102
38
211
94
26
302
130
72
403
156
130
257
321
365
488
269
362
102
66
288
24
249
440
63
375
473
122
399
108
71
143
310
422
434
238
469
84
70
142
309
315
138
274
126
340
224
326
405
251
351
140
385
448
349
493
86
370
456
341
294
214
28
496
314
487
386
52
435
175
152
192
486
263
4
64
228
148
81
84
49
239
257
449
403
365
237
482
191
28
308
198
413
220
347
188
238
472
308
410
217
426
301
207
488
309
82
98
378
46
44
474
343
116
456
56
64
95
110
400
193
375
392
147
247
42
42
243
39
368
135
271
16
79
65
356
61
79
162
128
107
131
362
284
166
204
405
269
232
479
30
453
69
54
79
32
124
288
247
399
226
157
28
352
495
298
234
362
381
249
85
335
420
220
287
275
218
106
44
205
215
313
461
418
467
484
434
308
149
218
52
345
77
184
486
466
253
451
174
399
217
75
254
240
399
142
381
20
242
163
9
221
241
149
317
330
222
496
378
190
317
386
53
185
465
185
49
68
406
482
39
21
134
274
58
437
121
413
256
89
347
145
250
191
227
153
439
480
120
28
302
424
316
196
58
244
131
318
82
298
305
402
165
184
42
260
73
280
172
420
422
243
289
18
252
192
316
242
182
405
367
14
471
436
105
173
312
328
493
490
161
293
153
97
393
374
496
432
494
211
368
383
246
307
268
123
452
67
113
447
192
497
2
259
310
91
212
311
209
350
81
117
105
169
221
242
38
261
331
154
256
90
31
245
384
68
271
45
426
22
466
34
370
251
244
75
296
450
113
132
402
435
218
451
13
288
432
24
380
275
139
201
306
328
43
144
420
375
23
77
487
121
285
151
235
73
138
429
142
254
454
363
203
427
84
24
353
286
154
402
172
295
388
34
162
60
401
64
266
498
216
193
399
172
49
134
102
288
491
143
29
58
53
153
322
333
131
266
431
285
460
226
465
388
109
254
366
31
277
142
3
405
279
27
287
490
269
347
420
69
273
230
67
442
231
370
362
349
331
342
341
494
396
317
207
381
457
257
22
444
164
14
170
353
36
4
332
75
477
240
249
162
19
491
166
137
169
328
87
491
405
216
305
325
219
449
353
67
205
226
57
280
145
109
321
375
61
60
267
327
128
120
372
440
356
37
69
353
278
306
288
100
466
74
139
149
241
125
354
266
404
267
93
489
420
154
310
385
96
298
267
330
440
29
50
90
454
351
75
9
491
488
397
158
149
33
497
442
79
192
355
117
393
453
114
409
420
91
422
55
297
417
428
490
463
172
471
360
16
74
424
188
87
377
4
68
91
31
251
452
282
414
246
204
93
443
162
186
134
155
45
35
64
316
410
400
110
374
284
380
377
365
460
22
125
282
47
230
300
389
178
312
180
451
23
95
246
470
453
198
483
305
354
477
469
333
4
144
450
139
250
188
13
191
244
208
144
388
442
403
141
423
248
311
394
374
272
438
311
109
469
413
122
180
399
211
428
432
428
35
193
195
223
186
477
416
293
232
188
168
363
423
100
434
349
483
463
332
100
246
70
302
382
454
152
297
45
193
161
500
199
433
368
493
146
64
414
261
260
440
278
217
96
52
473
453
362
182
147
217
75
401
395
181
139
68
427
55
22
461
478
256
300
46
471
454
321
214
265
198
55
26
137
122
47
334
418
127
322
477
73
331
186
232
226
64
306
86
255
207
182
96
300
312
322
45
347
426
174
40
133
283
252
317
119
185
249
345
438
256
222
193
380
492
239
132
230
438
286
1
94
47
221
171
377
487
19
206
387
485
77
41
458
218
344
283
56
181
424
150
267
120
117
150
176
215
426
375
209
470
386
412
382
137
307
14
27
299
157
332
400
463
372
469
299
94
205
209
496
489
339
12
405
426
10
347
378
185
469
66
412
355
151
244
317
25
171
437
371
103
308
324
476
238
417
307
218
2
200
52
34
203
435
394
241
97
216
73
114
175
345
384
284
32
126
417
322
451
26
192
244
269
67
9
467
187
25
51
193
47
100
24
240
151
292
176
196
497
424
161
417
32
479
286
405
247
55
397
295
470
336
461
430
189
298
212
95
331
437
259
14
325
423
335
241
177
68
60
431
322
81
154
8
183
108
208
480
139
262
199
50
356
236
383
71
225
98
401
174
23
449
380
402
383
152
208
307
488
246
120
172
137
271
185
481
186
435
331
127
394
323
298
100
417
246
20
14
79
27
22
264
344
73
129
483
360
273
456
50
64
168
182
129
497
16
439
225
137
134
106
197
332
356
325
86
188
489
227
141
124
285
485
326
110
136
217
421
42
160
476
469
490
43
147
84
220
59
73
473
41
253
226
350
425
279
224
160
400
136
104
400
225
385
280
168
81
230
454
357
446
205
211
234
361
473
256
261
390
404
63
22
195
280
139
274
317
125
453
469
263
476
49
496
46
270
137
320
316
128
107
75
488
180
284
483
5
253
458
421
65
18
84
138
414
329
70
136
334
28
1
307
208
434
455
104
185
147
20
308
279
449
80
58
352
202
378
361
323
407
154
426
408
118
20
470
258
143
400
349
232
213
98
250
420
403
380
237
245
410
273
154
17
392
287
192
124
413
301
166
203
65
131
320
117
410
432
360
8
352
17
107
359
440
291
201
254
140
482
331
253
463
228
377
389
455
291
249
318
308
370
113
241
113
496
160
271
65
131
407
210
449
332
314
7
234
190
418
292
456
348
324
85
495
494
184
394
212
313
357
317
115
80
286
480
374
361
263
255
230
447
193
412
128
344
458
74
166
335
391
451
72
406
331
58
353
407
164
207
278
262
473
230
283
36
46
393
197
496
495
462
115
118
211
378
268
107
496
311
38
478
463
190
164
223
219
88
35
379
23
100
321
201
166
227
300
421
114
261
415
389
94
204
326
25
236
407
434
172
17
380
133
421
14
229
247
422
333
438
127
300
324
30
397
396
169
493
191
277
313
380
428
447
483
333
2
478
172
107
251
383
291
455
297
336
342
180
20
344
363
120
291
439
397
377
16
309
269
113
139
140
112
279
53
68
13
447
146
43
274
343
214
466
184
244
31
146
386
213
460
378
109
61
288
411
312
233
116
121
224
375
174
179
188
304
352
97
291
212
308
223
95
133
494
277
70
249
7
50
277
162
240
420
49
107
148
301
253
122
354
158
399
498
290
226
465
248
354
178
43
469
22
391
485
387
357
325
157
346
352
371
416
493
367
483
141
339
371
380
24
171
282
446
79
225
457
226
485
66
53
457
52
270
109
22
331
497
496
20
370
160
324
163
209
308
157
360
198
8
391
221
441
152
139
206
103
441
2
352
496
261
173
284
88
185
387
171
202
90
109
412
229
269
167
287
470
461
2
151
45
368
319
488
131
156
219
423
138
208
229
190
152
229
80
325
23
36
109
496
165
316
488
72
277
403
16
207
99
166
414
415
355
125
441
453
27
273
344
27
106
359
168
83
474
96
42
331
47
209
476
88
339
7
206
333
192
142
336
464
260
399
482
349
338
182
307
154
122
74
51
110
229
376
134
348
389
453
116
153
83
356
476
461
267
473
317
297
322
436
148
120
45
321
377
452
13
327
334
14
205
67
322
63
76
274
151
118
494
357
452
433
121
333
308
95
461
289
442
278
135
496
101
342
180
296
201
65
189
296
127
220
178
389
495
360
37
401
153
369
325
42
65
146
183
168
72
493
204
483
84
460
428
417
172
178
103
124
232
117
238
379
66
212
431
65
420
67
419
483
37
207
62
277
109
51
423
463
434
91
197
485
282
327
366
222
380
345
32
348
213
475
438
214
76
458
190
468
67
262
188
20
47
97
85
396
172
307
118
68
189
77
343
359
485
485
447
146
90
171
177
461
37
397
441
343
402
20
449
254
112
254
278
462
35
61
360
395
93
323
391
238
164
61
494
244
283
143
423
67
465
389
156
268
385
323
12
236
264
57
369
188
271
57
229
125
195
472
234
153
23
85
420
146
497
189
258
326
162
306
54
461
288
500
13
265
469
139
353
411
322
364
484
496
338
387
419
264
242
110
9
5
387
334
316
100
328
146
366
137
345
303
377
376
221
95
37
43
399
381
79
309
15
380
484
207
57
9
404
122
497
272
463
123
130
420
157
368
358
85
283
311
14
149
457
134
60
357
428
271
343
383
471
434
479
362
71
459
5
248
344
447
331
174
399
349
222
181
265
235
335
92
421
198
235
432
172
392
101
99
175
31
388
162
440
411
393
41
80
307
241
420
34
404
408
236
211
68
407
181
93
474
439
266
262
433
481
386
293
207
51
20
157
55
1
459
135
318
176
329
9
391
343
68
486
389
485
277
313
243
456
85
349
414
58
394
215
371
118
287
209
273
395
464
310
266
2
187
366
122
491
260
258
246
409
47
381
36
10
44
467
167
268
9
466
187
24
298
490
387
380
214
315
488
302
474
433
430
40
113
75
193
375
451
371
357
240
386
189
331
246
214
450
134
419
270
215
295
445
146
280
72
321
108
65
471
70
246
271
229
178
321
42
51
33
342
241
186
362
132
482
152
454
140
143
293
404
234
76
496
162
124
382
451
307
57
119
327
477
265
222
102
458
89
410
25
32
444
324
275
110
21
394
360
289
1
185
437
246
221
483
450
182
60
66
347
55
445
405
352
99
444
188
61
197
115
11
3
466
425
189
406
135
133
398
105
226
204
37
293
53
221
14
354
125
86
441
48
52
31
451
455
139
405
242
199
133
177
88
246
458
115
14
284
17
3
342
28
479
291
383
425
407
88
421
303
349
397
180
441
77
250
221
111
291
350
319
61
344
253
107
365
312
185
360
372
354
392
234
309
146
165
290
214
284
263
327
142
170
29
240
366
282
200
136
303
412
45
127
236
263
456
14
456
354
323
14
445
447
203
141
209
323
99
43
77
425
336
486
53
61
136
345
51
334
489
298
435
310
453
78
306
215
404
427
375
315
304
153
66
299
457
14
311
268
132
383
331
498
208
480
355
49
128
419
285
25
220
303
390
385
364
146
177
208
82
229
59
219
23
188
172
90
380
46
321
476
210
391
199
343
302
36
43
469
372
373
395
19
181
336
239
261
151
207
154
294
419
14
209
189
129
377
229
151
476
192
328
291
454
285
414
232
253
143
49
498
307
298
194
191
8
45
139
65
320
167
288
301
276
173
204
303
262
198
441
71
141
294
216
108
223
324
343
297
267
78
337
49
72
275
162
379
443
457
145
52
21
460
33
283
424
62
248
340
166
323
32
50
232
102
361
112
402
93
120
348
397
224
30
90
394
186
412
393
314
123
435
368
481
68
47
321
234
102
241
176
218
381
409
426
454
289
404
67
136
28
94
113
43
34
144
212
403
19
482
275
3
460
101
282
453
287
489
405
410
161
220
318
54
377
147
55
349
444
453
447
41
460
121
13
203
318
221
342
386
343
224
23
292
228
152
107
7
349
411
479
180
408
158
209
31
162
238
364
339
277
155
55
436
438
311
45
112
116
259
241
448
499
183
7
361
292
395
222
302
429
278
100
47
404
484
321
265
45
267
326
37
371
243
232
258
353
396
247
213
388
349
378
53
46
446
479
288
32
43
286
309
120
137
11
142
474
86
257
42
99
117
2
411
359
387
191
142
167
16
33
3
380
138
328
202
120
415
245
52
400
292
483
46
414
446
350
211
218
494
462
475
311
28
478
21
384
500
435
52
286
377
225
45
356
295
274
147
137
80
15
131
457
369
52
91
326
381
133
104
399
456
394
186
214
466
374
398
107
154
489
233
362
216
66
151
102
196
483
205
64
39
106
32
156
284
269
332
295
388
277
256
415
215
477
134
174
452
293
403
77
284
161
221
245
75
463
299
94
55
17
376
308
359
187
193
473
155
87
500
110
390
203
498
362
204
205
16
303
475
1
112
104
244
152
179
280
212
229
476
249
56
461
254
27
82
215
215
320
352
282
155
174
162
282
420
372
274
283
445
420
232
293
144
81
142
441
83
58
36
467
147
281
141
190
405
331
292
43
78
228
483
454
287
257
49
417
425
253
449
216
418
68
262
228
356
249
233
339
342
493
416
452
173
133
443
223
350
211
330
25
408
438
426
363
31
131
27
19
202
286
31
35
223
366
416
219
311
72
244
408
175
320
456
443
161
186
499
80
410
74
316
496
158
344
202
338
474
451
188
118
388
174
322
197
59
349
15
497
487
476
37
171
245
58
404
365
56
96
136
484
459
366
362
395
269
217
195
429
274
232
142
107
380
324
144
315
198
204
117
282
460
162
117
270
299
284
304
305
111
438
493
420
254
112
341
412
6
336
44
389
440
318
268
22
481
261
295
217
50
306
374
435
339
102
227
355
125
124
122
381
231
198
306
187
105
464
96
251
172
74
162
40
171
92
26
445
274
458
271
439
490
467
288
91
350
108
268
365
203
167
244
390
109
483
133
4
251
120
475
139
365
287
83
432
41
270
384
197
465
65
65
85
142
153
79
25
12
277
312
35
256
294
226
101
221
102
209
341
23
244
400
66
236
263
442
291
153
420
146
289
418
417
343
410
391
453
143
329
147
453
341
180
387
8
292
417
401
222
13
147
381
167
44
161
238
472
336
11
238
1
353
390
138
149
287
478
126
321
289
64
363
61
11
69
432
223
319
459
86
459
448
364
478
473
389
328
132
4
267
12
54
208
112
297
380
136
350
418
20
95
439
247
64
176
96
321
97
106
396
374
270
452
303
135
38
428
468
311
280
197
394
193
440
20
144
264
40
356
154
118
362
321
276
67
479
436
358
104
228
5
195
327
402
159
340
106
234
194
149
492
107
353
358
412
395
187
451
165
63
143
397
42
104
470
271
90
251
44
402
500
307
24
463
290
134
234
498
239
498
482
121
68
267
326
140
292
327
345
274
48
119
59
492
379
210
94
258
2
133
20
168
50
288
455
454
450
437
282
323
142
361
375
173
232
80
319
420
276
250
222
375
427
53
227
344
173
90
445
366
90
7
57
84
70
350
479
112
111
385
351
38
430
21
178
289
30
118
441
285
416
283
237
387
410
65
299
485
223
478
158
466
336
312
148
491
177
27
78
311
476
357
443
431
175
211
291
397
14
50
101
68
343
176
358
189
218
283
33
372
312
231
267
242
30
272
118
80
102
141
175
123
443
149
291
397
28
470
288
207
43
188
239
187
401
182
414
292
252
216
92
359
79
367
301
415
102
154
258
248
8
78
176
141
368
184
307
75
221
141
298
395
317
269
124
395
414
56
168
372
183
394
292
382
321
304
419
133
233
160
166
422
184
207
469
468
145
294
2
25
179
168
57
415
431
325
348
24
112
450
161
283
410
252
336
411
468
479
476
307
475
224
237
362
278
75
420
389
148
140
466
162
235
271
468
499
322
476
378
224
343
221
134
463
247
484
15
487
394
219
192
425
67
59
291
111
23
7
153
370
111
70
155
378
57
217
46
117
486
459
140
3
82
466
86
243
455
75
255
205
152
302
405
69
364
340
74
342
100
268
416
162
11
116
44
121
34
229
325
344
38
464
265
230
53
91
17
134
328
499
485
193
61
335
99
114
48
168
184
412
243
194
297
129
387
375
445
1
257
451
325
6
208
437
470
252
149
219
80
259
451
317
375
354
144
142
333
377
252
262
423
141
226
115
346
244
71
433
263
186
429
321
376
128
211
152
75
491
214
26
72
397
488
23
337
422
371
318
152
382
289
429
351
420
485
174
130
435
456
480
431
408
238
40
192
324
423
454
377
2
232
233
379
396
440
219
474
357
305
479
78
305
401
283
468
217
369
26
259
89
308
172
434
307
157
154
342
271
379
66
168
254
223
450
497
242
92
430
398
252
343
140
90
122
42
494
480
489
484
365
49
73
26
38
315
277
76
74
192
77
296
291
296
249
409
24
467
226
133
88
479
268
233
202
141
180
445
171
374
328
154
54
481
66
343
447
251
111
127
334
137
31
306
395
13
214
196
57
388
85
34
437
370
418
220
170
339
1
231
3
208
435
433
338
433
263
37
113
491
81
217
420
146
170
27
491
166
473
177
57
71
142
153
156
312
242
83
145
249
193
372
422
281
4
47
277
442
481
430
167
466
313
377
29
344
137
306
115
288
429
34
391
159
192
396
391
117
104
297
90
117
490
420
235
468
467
159
359
230
346
56
435
204
286
69
357
354
399
132
340
94
446
61
417
233
449
381
301
461
72
303
99
163
190
31
383
422
221
308
492
491
353
71
108
409
452
371
173
117
391
367
285
167
432
491
192
402
297
383
263
472
6
53
383
188
479
284
140
440
55
427
106
271
351
311
269
205
188
260
258
113
442
271
150
295
243
456
5
244
35
83
236
208
147
182
176
340
482
312
255
18
129
247
7
158
214
266
493
397
316
321
120
231
221
101
424
51
493
190
445
357
412
30
66
45
305
333
162
24
38
276
171
331
357
317
65
53
90
259
93
445
143
239
198
351
353
245
319
143
293
429
429
381
202
227
196
286
230
104
473
139
209
250
166
45
131
430
195
395
442
220
458
37
156
476
347
410
43
377
274
7
272
247
246
205
135
322
486
202
341
172
155
106
112
277
493
114
188
287
182
474
384
389
83
289
214
489
163
47
162
494
472
396
141
99
33
493
155
27
240
160
241
281
432
306
155
373
365
492
103
408
60
94
37
320
180
208
23
465
127
417
122
53
340
421
436
234
102
169
266
137
4
126
99
391
231
161
224
322
38
246
95
285
190
449
170
40
12
319
241
328
96
462
447
222
485
22
165
152
382
383
357
57
180
319
122
161
402
141
144
401
322
129
311
225
436
222
349
366
252
218
294
83
19
64
3
218
164
148
247
62
402
6
399
52
31
220
242
376
278
270
350
21
359
33
392
221
378
203
407
276
458
225
24
476
208
2
361
337
92
54
439
150
234
386
14
255
90
78
429
13
162
318
206
119
140
305
259
175
445
430
219
413
248
293
67
354
130
289
394
316
391
318
262
110
220
277
428
324
174
339
31
321
238
71
475
61
341
104
46
288
126
493
360
195
146
231
37
498
207
341
378
116
438
268
455
214
133
441
419
166
107
69
15
284
83
338
423
27
455
170
101
115
82
25
375
78
279
28
170
184
107
282
496
205
112
254
137
54
488
64
54
63
157
277
183
244
326
403
395
176
123
269
311
50
142
69
182
351
423
320
493
440
316
218
113
465
26
33
429
289
488
367
353
79
474
156
139
282
314
18
304
304
208
369
140
223
435
464
359
290
60
322
410
52
53
401
18
34
472
328
373
40
24
308
217
430
241
79
390
441
266
108
232
191
196
72
364
297
292
472
34
362
186
146
441
436
200
283
76
177
275
330
412
312
256
376
400
324
499
368
356
305
19
423
422
152
479
219
61
61
356
78
22
447
363
212
258
174
432
288
457
165
7
430
421
57
479
370
361
46
316
285
480
122
430
271
276
121
238
188
440
394
222
471
382
165
220
476
441
201
469
30
432
44
100
372
309
497
152
109
496
266
476
369
410
387
203
483
330
390
420
404
234
402
260
28
116
290
23
321
401
106
396
29
106
198
438
48
150
317
441
258
489
345
122
14
389
110
224
459
47
183
480
91
348
107
259
393
295
314
225
360
310
252
75
66
259
68
287
153
146
250
230
461
271
474
211
342
104
85
107
353
279
433
9
495
479
471
399
128
284
99
59
360
162
29
222
191
67
176
314
61
288
176
163
495
2
479
54
14
473
175
330
173
155
55
38
379
475
262
175
362
175
414
255
369
243
21
436
299
70
383
190
44
299
109
88
389
143
130
51
106
272
134
94
400
107
391
282
171
473
283
73
89
222
21
122
465
182
396
360
320
438
147
350
173
34
393
210
251
346
78
389
425
33
128
57
192
108
396
251
381
144
163
347
6
405
408
299
358
226
302
3
433
87
461
287
75
402
439
134
355
457
329
98
90
377
291
301
461
213
344
74
457
104
285
379
230
394
312
80
321
278
275
43
448
446
244
398
423
373
45
259
53
414
462
352
111
157
53
268
148
336
247
174
119
488
134
113
410
232
347
352
216
405
37
309
283
96
387
124
430
284
53
468
70
182
446
301
130
357
258
370
201
485
123
1
291
227
358
281
25
368
332
151
235
64
106
259
89
353
23
335
141
409
321
352
42
486
357
470
139
452
364
121
144
499
239
419
370
20
403
375
227
328
280
463
198
123
142
105
329
340
372
211
152
459
247
47
120
52
497
382
163
268
187
110
359
164
300
482
482
194
98
146
271
337
370
38
457
227
135
299
314
274
280
287
304
373
227
446
165
98
336
286
363
241
318
292
388
65
162
116
389
307
384
436
112
412
105
376
246
211
132
62
20
73
167
452
272
480
349
303
441
103
336
405
486
46
64
107
39
138
355
148
232
367
180
341
175
79
445
123
324
171
280
192
102
128
119
477
498
192
494
36
257
67
141
423
218
450
487
389
466
185
103
357
245
158
412
401
285
130
215
116
159
500
3
297
292
176
493
12
230
190
318
187
282
245
404
83
67
56
180
147
66
337
384
374
336
117
328
212
85
475
379
290
167
354
162
317
459
273
308
310
382
100
407
391
451
187
311
289
437
454
79
286
127
172
23
89
61
282
218
405
319
138
322
384
294
238
306
299
450
272
86
320
154
440
436
297
73
194
369
317
477
65
463
151
483
166
8
123
388
3
294
170
147
90
276
182
430
239
282
244
339
450
471
476
148
25
70
114
173
37
101
344
455
406
63
394
435
234
271
397
434
178
353
13
201
491
480
233
386
72
158
198
184
173
333
60
416
66
349
253
474
335
259
320
476
227
220
305
471
54
445
188
45
412
255
15
143
48
397
335
383
150
420
461
500
275
486
65
391
244
237
172
219
64
360
258
168
240
497
67
235
18
290
23
315
125
437
64
243
50
303
65
127
292
217
178
309
326
223
352
218
342
377
233
407
57
398
315
489
320
21
55
16
382
10
134
334
495
200
459
16
330
459
41
299
199
320
320
455
316
93
486
118
241
398
398
455
262
217
384
245
399
95
304
438
309
78
340
188
38
24
201
246
193
56
2
449
233
47
109
112
398
457
197
127
114
292
433
372
129
83
485
337
293
17
450
17
337
462
95
437
51
136
460
64
496
473
31
292
495
381
190
163
389
254
266
92
419
366
383
311
462
365
118
330
260
107
149
226
221
39
289
108
479
64
463
235
236
346
37
353
313
52
119
191
200
2
390
326
436
23
398
433
406
460
292
498
15
324
136
67
333
222
156
303
324
46
65
495
274
462
273
167
244
451
181
155
88
135
466
313
173
349
263
173
472
332
332
421
351
311
402
57
376
43
80
278
11
356
90
314
194
21
111
477
38
78
244
488
412
360
269
26
227
428
172
187
103
149
333
346
468
231
299
443
270
2
391
182
103
376
117
187
274
28
334
250
198
42
68
5
152
292
292
99
201
186
279
166
134
68
334
437
333
389
212
235
67
273
190
386
427
194
52
311
418
341
139
475
304
151
426
166
402
255
49
198
124
15
193
71
86
392
500
65
40
25
210
192
380
453
223
30
337
394
114
487
175
409
221
80
161
429
317
125
331
122
186
458
311
407
188
496
53
293
342
201
109
80
207
255
122
438
142
334
17
296
194
155
327
252
41
206
469
198
173
89
245
130
294
374
265
363
361
176
454
346
253
186
257
384
257
317
224
48
164
338
145
18
178
33
272
19
303
145
445
248
332
92
362
299
341
132
183
62
493
165
63
218
472
457
499
117
440
196
330
62
305
409
400
180
395
241
396
363
60
328
96
456
101
388
407
381
149
128
15
212
304
223
289
32
359
447
286
159
21
55
432
98
349
23
231
375
236
442
460
171
209
342
23
50
451
247
488
9
309
133
362
452
302
228
482
468
359
475
354
366
457
378
464
395
361
498
366
358
318
254
299
342
237
158
107
441
175
143
252
41
302
476
21
166
385
60
361
323
353
162
105
226
85
453
50
411
178
481
70
354
315
320
77
55
58
415
153
280
235
232
165
182
390
184
218
31
258
290
141
231
76
89
171
239
323
135
193
382
460
9
179
214
58
355
222
299
126
162
149
126
90
100
381
55
172
376
387
137
465
33
158
205
33
241
83
176
16
490
425
265
362
233
309
57
397
168
97
251
384
339
359
51
102
326
394
419
47
55
200
289
64
277
124
449
458
66
233
436
13
376
475
61
430
332
457
141
339
241
449
296
31
401
253
154
299
177
414
49
177
314
244
215
33
330
12
346
285
404
374
409
357
379
125
377
429
371
146
193
60
39
467
189
230
143
140
98
135
297
311
364
186
452
409
373
274
34
185
258
334
304
259
394
174
410
129
102
78
48
127
424
478
319
200
431
315
424
157
120
329
395
224
315
310
439
448
417
74
290
68
451
253
452
34
233
216
347
397
271
74
271
240
385
5
73
274
285
279
101
88
128
384
477
321
449
350
103
192
477
280
315
406
121
52
185
263
297
123
271
333
171
10
319
8
286
348
213
401
470
327
88
126
361
416
110
10
377
27
194
69
220
432
274
19
51
197
160
293
20
495
7
101
421
151
353
129
313
39
385
294
3
296
191
145
127
431
162
292
257
190
382
74
88
500
246
360
426
78
38
459
428
326
434
118
191
197
307
27
394
182
234
294
199
359
354
29
292
387
219
374
441
219
418
415
79
392
309
215
97
331
264
283
144
136
128
315
255
393
145
177
283
121
459
147
434
375
256
89
390
206
367
134
481
381
197
382
288
472
398
273
375
256
219
3
449
199
281
228
38
225
93
496
56
388
47
393
252
113
286
459
395
328
364
44
486
484
477
234
499
162
291
365
481
397
462
473
337
154
204
423
58
115
338
414
313
131
197
464
131
227
446
280
415
18
176
99
369
442
86
435
473
37
188
226
286
80
159
317
286
271
271
451
54
43
25
205
343
460
50
130
187
187
269
210
347
39
495
448
101
495
115
332
63
369
119
166
421
416
266
363
443
50
78
18
12
468
42
288
147
126
38
5
67
76
165
423
131
255
374
426
445
467
51
37
482
443
83
169
195
141
422
48
64
135
373
85
6
319
179
351
392
210
425
411
311
360
410
444
185
416
230
116
450
334
334
144
394
201
356
391
345
420
79
450
279
101
404
400
103
357
61
104
185
188
412
74
457
311
188
356
142
277
291
159
299
313
263
242
489
167
134
206
178
58
137
433
251
199
144
130
155
482
216
167
353
393
62
215
203
295
429
314
243
450
348
268
237
143
283
271
453
131
497
339
275
381
291
234
167
350
170
382
243
275
337
253
154
196
252
126
306
100
90
56
125
459
138
290
409
21
210
55
420
48
259
126
303
355
163
89
102
411
48
215
177
448
95
37
163
159
258
178
49
423
310
485
321
136
137
285
230
339
134
67
27
237
416
500
306
488
58
277
227
174
410
105
479
130
200
497
270
343
471
66
389
370
412
336
214
208
423
265
116
483
167
11
345
364
151
463
466
471
423
20
309
53
226
266
385
357
144
431
333
181
39
297
191
343
49
175
75
256
492
374
411
226
482
459
227
415
148
403
92
380
243
136
461
19
198
326
422
23
491
85
207
193
320
480
461
167
75
326
22
294
118
409
362
496
362
215
365
479
160
28
241
303
425
355
429
151
385
241
114
405
246
361
499
362
474
238
268
8
416
496
465
394
69
74
434
230
135
104
212
332
455
338
112
75
239
201
472
346
302
132
323
246
444
383
291
396
58
215
261
183
83
490
13
305
455
444
169
280
233
210
340
225
247
159
370
37
225
329
250
204
328
324
456
90
192
317
282
180
346
136
70
412
172
101
301
480
234
468
436
64
271
173
39
346
306
189
74
225
56
426
439
364
113
203
225
434
281
435
253
367
39
415
222
302
268
189
474
246
136
60
294
379
369
253
14
32
419
138
324
109
352
263
230
384
250
173
89
76
333
84
171
473
173
415
239
500
386
170
325
470
308
45
248
357
210
254
419
279
353
187
480
468
253
191
471
88
479
15
161
104
193
447
317
145
250
415
74
109
254
319
272
147
375
37
319
491
499
99
430
416
435
437
249
354
301
419
83
355
171
381
80
42
427
482
20
367
106
271
15
456
413
5
77
492
329
407
250
259
465
419
292
261
370
234
418
126
132
78
495
415
414
436
472
453
362
6
319
493
273
412
53
140
39
386
60
39
34
170
380
479
157
158
333
287
484
136
252
442
188
272
315
209
419
368
94
67
6
12
4
206
236
278
429
193
91
148
22
382
101
99
235
317
418
166
26
86
214
87
309
390
351
37
303
224
214
179
440
253
440
250
12
124
143
68
334
499
498
17
208
190
463
407
48
129
92
166
188
137
90
300
426
234
419
120
254
427
391
139
225
55
58
493
335
367
453
99
436
237
10
495
260
184
76
495
226
462
261
216
488
95
179
448
8
257
298
228
202
58
492
116
190
411
457
321
215
152
467
304
301
206
83
55
41
480
327
352
78
308
442
433
19
157
293
325
312
21
251
101
92
417
295
490
288
354
454
207
236
466
241
378
11
309
466
229
123
133
373
262
220
20
409
370
418
110
452
32
12
381
44
426
426
220
326
375
57
443
85
472
498
229
162
199
242
376
416
18
48
433
499
175
194
114
18
262
318
127
94
47
220
253
16
361
353
302
209
270
38
491
225
258
61
426
368
319
438
166
282
336
76
64
89
211
98
224
443
464
181
109
407
44
449
255
441
154
325
216
480
270
365
116
3
311
274
48
352
331
473
407
211
165
182
341
459
1
169
405
262
99
340
476
329
21
456
443
69
380
41
208
147
211
390
291
352
293
193
37
37
31
304
183
1
144
43
217
130
217
202
432
336
341
242
75
360
170
259
454
403
342
220
330
116
393
107
484
158
67
29
16
425
459
469
333
327
83
442
416
150
481
119
498
46
55
157
96
192
68
76
312
108
495
18
433
176
89
446
476
309
355
48
325
100
56
383
363
223
257
157
31
236
285
224
331
133
405
292
299
325
257
380
281
64
35
22
129
49
58
81
342
377
458
489
447
454
214
438
403
292
374
24
375
220
446
427
43
81
281
167
352
208
249
319
68
241
461
56
82
321
99
158
306
96
119
37
182
75
407
38
437
263
306
135
78
2
263
492
3
338
11
66
8
106
280
255
124
150
314
433
393
367
395
203
196
119
108
205
338
177
116
473
370
290
452
379
440
132
500
54
365
62
56
163
113
253
437
34
165
185
494
414
84
248
246
398
18
280
327
117
384
280
452
193
303
119
92
153
209
443
252
7
304
138
383
81
367
352
463
120
215
8
286
226
479
125
296
439
49
184
300
185
133
491
71
37
355
95
493
279
251
146
442
187
77
127
443
213
283
363
302
110
134
427
485
9
147
292
244
28
329
326
385
359
199
81
60
133
232
34
162
474
288
371
240
28
380
209
363
106
138
475
94
479
429
350
123
122
180
166
405
198
179
206
144
440
360
410
241
18
247
393
207
340
307
152
365
474
102
290
283
227
141
207
491
109
491
303
403
366
241
418
346
224
412
189
7
235
229
300
404
293
256
145
483
48
494
452
334
380
400
325
188
106
73
119
214
480
487
264
126
143
329
203
338
11
35
51
352
116
270
209
190
498
97
461
327
179
134
42
151
472
292
176
398
496
342
69
71
481
184
233
380
210
11
255
93
447
448
209
60
36
7
16
196
352
469
299
80
24
435
402
78
284
349
196
321
132
201
445
380
482
118
437
371
64
14
473
104
226
255
116
240
54
105
71
51
244
443
99
282
173
24
181
320
48
162
400
470
477
80
10
101
267
461
110
44
121
143
306
497
305
253
157
339
287
99
352
263
323
222
137
353
322
481
82
454
360
394
287
281
408
128
258
128
326
190
10
233
388
492
276
47
104
308
378
133
178
460
212
351
393
198
354
170
180
453
200
2
226
490
70
150
401
210
305
403
425
356
5
338
4
325
19
450
388
139
49
481
15
391
413
183
26
59
312
440
34
209
201
298
395
127
198
307
108
400
357
381
296
410
250
366
178
61
170
498
171
236
391
370
177
151
39
451
124
448
42
354
360
319
499
229
218
241
218
101
450
316
161
118
291
32
198
356
