250 2171
0 1
1 2
2 3
3 4
4 5
5 6
6 7
7 8
8 9
9 10
10 11
11 12
12 13
13 14
14 15
15 16
16 17
17 18
18 19
19 20
20 21
21 22
22 23
23 24
25 26
25 27
25 28
25 29
25 30
25 31
25 32
25 33
25 34
25 35
25 36
25 37
25 38
25 39
25 40
25 41
25 42
25 43
25 44
25 45
25 46
25 47
25 48
25 49
26 27
26 28
26 29
26 30
26 31
26 32
26 33
26 34
26 35
26 36
26 37
26 38
26 39
26 40
26 41
26 42
26 43
26 44
26 45
26 46
26 47
26 48
26 49
27 28
27 29
27 30
27 31
27 32
27 33
27 34
27 35
27 36
27 37
27 38
27 39
27 40
27 41
27 42
27 43
27 44
27 45
27 46
27 47
27 48
27 49
28 29
28 30
28 31
28 32
28 33
28 34
28 35
28 36
28 37
28 38
28 39
28 40
28 41
28 42
28 43
28 44
28 45
28 46
28 47
28 48
28 49
29 30
29 31
29 32
29 33
29 34
29 35
29 36
29 37
29 38
29 39
29 40
29 41
29 42
29 43
29 44
29 45
29 46
29 47
29 48
29 49
30 31
30 32
30 33
30 34
30 35
30 36
30 37
30 38
30 39
30 40
30 41
30 42
30 43
30 44
30 45
30 46
30 47
30 48
30 49
31 32
31 33
31 34
31 35
31 36
31 37
31 38
31 39
31 40
31 41
31 42
31 43
31 44
31 45
31 46
31 47
31 48
31 49
32 33
32 34
32 35
32 36
32 37
32 38
32 39
32 40
32 41
32 42
32 43
32 44
32 45
32 46
32 47
32 48
32 49
33 34
33 35
33 36
33 37
33 38
33 39
33 40
33 41
33 42
33 43
33 44
33 45
33 46
33 47
33 48
33 49
34 35
34 36
34 37
34 38
34 39
34 40
34 41
34 42
34 43
34 44
34 45
34 46
34 47
34 48
34 49
35 36
35 37
35 38
35 39
35 40
35 41
35 42
35 43
35 44
35 45
35 46
35 47
35 48
35 49
36 37
36 38
36 39
36 40
36 41
36 42
36 43
36 44
36 45
36 46
36 47
36 48
36 49
37 38
37 39
37 40
37 41
37 42
37 43
37 44
37 45
37 46
37 47
37 48
37 49
38 39
38 40
38 41
38 42
38 43
38 44
38 45
38 46
38 47
38 48
38 49
39 40
39 41
39 42
39 43
39 44
39 45
39 46
39 47
39 48
39 49
40 41
40 42
40 43
40 44
40 45
40 46
40 47
40 48
40 49
41 42
41 43
41 44
41 45
41 46
41 47
41 48
41 49
42 43
42 44
42 45
42 46
42 47
42 48
42 49
43 44
43 45
43 46
43 47
43 48
43 49
44 45
44 46
44 47
44 48
44 49
45 46
45 47
45 48
45 49
46 47
46 48
46 49
47 48
47 49
48 49
50 51
51 52
52 53
53 54
54 55
55 56
56 57
57 58
58 59
59 60
60 61
61 62
62 63
63 64
64 65
65 66
66 67
67 68
68 69
69 70
70 71
71 72
72 73
73 74
74 75
75 76
76 77
77 78
78 79
79 80
80 81
81 82
82 83
83 84
84 85
85 86
86 87
87 88
88 89
89 90
90 91
91 92
92 93
93 94
94 95
95 96
96 97
97 98
98 99
100 101
100 102
100 103
100 104
100 105
100 106
100 107
100 108
100 109
100 110
100 111
100 112
100 113
100 114
100 115
100 116
100 117
100 118
100 119
100 120
100 121
100 122
100 123
100 124
100 125
100 126
100 127
100 128
100 129
100 130
100 131
100 132
100 133
100 134
100 135
100 136
100 137
100 138
100 139
100 140
100 141
100 142
100 143
100 144
100 145
100 146
100 147
100 148
100 149
101 102
101 103
101 104
101 105
101 106
101 107
101 108
101 109
101 110
101 111
101 112
101 113
101 114
101 115
101 116
101 117
101 118
101 119
101 120
101 121
101 122
101 123
101 124
101 125
101 126
101 127
101 128
101 129
101 130
101 131
101 132
101 133
101 134
101 135
101 136
101 137
101 138
101 139
101 140
101 141
101 142
101 143
101 144
101 145
101 146
101 147
101 148
101 149
102 103
102 104
102 105
102 106
102 107
102 108
102 109
102 110
102 111
102 112
102 113
102 114
102 115
102 116
102 117
102 118
102 119
102 120
102 121
102 122
102 123
102 124
102 125
102 126
102 127
102 128
102 129
102 130
102 131
102 132
102 133
102 134
102 135
102 136
102 137
102 138
102 139
102 140
102 141
102 142
102 143
102 144
102 145
102 146
102 147
102 148
102 149
103 104
103 105
103 106
103 107
103 108
103 109
103 110
103 111
103 112
103 113
103 114
103 115
103 116
103 117
103 118
103 119
103 120
103 121
103 122
103 123
103 124
103 125
103 126
103 127
103 128
103 129
103 130
103 131
103 132
103 133
103 134
103 135
103 136
103 137
103 138
103 139
103 140
103 141
103 142
103 143
103 144
103 145
103 146
103 147
103 148
103 149
104 105
104 106
104 107
104 108
104 109
104 110
104 111
104 112
104 113
104 114
104 115
104 116
104 117
104 118
104 119
104 120
104 121
104 122
104 123
104 124
104 125
104 126
104 127
104 128
104 129
104 130
104 131
104 132
104 133
104 134
104 135
104 136
104 137
104 138
104 139
104 140
104 141
104 142
104 143
104 144
104 145
104 146
104 147
104 148
104 149
105 106
105 107
105 108
105 109
105 110
105 111
105 112
105 113
105 114
105 115
105 116
105 117
105 118
105 119
105 120
105 121
105 122
105 123
105 124
105 125
105 126
105 127
105 128
105 129
105 130
105 131
105 132
105 133
105 134
105 135
105 136
105 137
105 138
105 139
105 140
105 141
105 142
105 143
105 144
105 145
105 146
105 147
105 148
105 149
106 107
106 108
106 109
106 110
106 111
106 112
106 113
106 114
106 115
106 116
106 117
106 118
106 119
106 120
106 121
106 122
106 123
106 124
106 125
106 126
106 127
106 128
106 129
106 130
106 131
106 132
106 133
106 134
106 135
106 136
106 137
106 138
106 139
106 140
106 141
106 142
106 143
106 144
106 145
106 146
106 147
106 148
106 149
107 108
107 109
107 110
107 111
107 112
107 113
107 114
107 115
107 116
107 117
107 118
107 119
107 120
107 121
107 122
107 123
107 124
107 125
107 126
107 127
107 128
107 129
107 130
107 131
107 132
107 133
107 134
107 135
107 136
107 137
107 138
107 139
107 140
107 141
107 142
107 143
107 144
107 145
107 146
107 147
107 148
107 149
108 109
108 110
108 111
108 112
108 113
108 114
108 115
108 116
108 117
108 118
108 119
108 120
108 121
108 122
108 123
108 124
108 125
108 126
108 127
108 128
108 129
108 130
108 131
108 132
108 133
108 134
108 135
108 136
108 137
108 138
108 139
108 140
108 141
108 142
108 143
108 144
108 145
108 146
108 147
108 148
108 149
109 110
109 111
109 112
109 113
109 114
109 115
109 116
109 117
109 118
109 119
109 120
109 121
109 122
109 123
109 124
109 125
109 126
109 127
109 128
109 129
109 130
109 131
109 132
109 133
109 134
109 135
109 136
109 137
109 138
109 139
109 140
109 141
109 142
109 143
109 144
109 145
109 146
109 147
109 148
109 149
110 111
110 112
110 113
110 114
110 115
110 116
110 117
110 118
110 119
110 120
110 121
110 122
110 123
110 124
110 125
110 126
110 127
110 128
110 129
110 130
110 131
110 132
110 133
110 134
110 135
110 136
110 137
110 138
110 139
110 140
110 141
110 142
110 143
110 144
110 145
110 146
110 147
110 148
110 149
111 112
111 113
111 114
111 115
111 116
111 117
111 118
111 119
111 120
111 121
111 122
111 123
111 124
111 125
111 126
111 127
111 128
111 129
111 130
111 131
111 132
111 133
111 134
111 135
111 136
111 137
111 138
111 139
111 140
111 141
111 142
111 143
111 144
111 145
111 146
111 147
111 148
111 149
112 113
112 114
112 115
112 116
112 117
112 118
112 119
112 120
112 121
112 122
112 123
112 124
112 125
112 126
112 127
112 128
112 129
112 130
112 131
112 132
112 133
112 134
112 135
112 136
112 137
112 138
112 139
112 140
112 141
112 142
112 143
112 144
112 145
112 146
112 147
112 148
112 149
113 114
113 115
113 116
113 117
113 118
113 119
113 120
113 121
113 122
113 123
113 124
113 125
113 126
113 127
113 128
113 129
113 130
113 131
113 132
113 133
113 134
113 135
113 136
113 137
113 138
113 139
113 140
113 141
113 142
113 143
113 144
113 145
113 146
113 147
113 148
113 149
114 115
114 116
114 117
114 118
114 119
114 120
114 121
114 122
114 123
114 124
114 125
114 126
114 127
114 128
114 129
114 130
114 131
114 132
114 133
114 134
114 135
114 136
114 137
114 138
114 139
114 140
114 141
114 142
114 143
114 144
114 145
114 146
114 147
114 148
114 149
115 116
115 117
115 118
115 119
115 120
115 121
115 122
115 123
115 124
115 125
115 126
115 127
115 128
115 129
115 130
115 131
115 132
115 133
115 134
115 135
115 136
115 137
115 138
115 139
115 140
115 141
115 142
115 143
115 144
115 145
115 146
115 147
115 148
115 149
116 117
116 118
116 119
116 120
116 121
116 122
116 123
116 124
116 125
116 126
116 127
116 128
116 129
116 130
116 131
116 132
116 133
116 134
116 135
116 136
116 137
116 138
116 139
116 140
116 141
116 142
116 143
116 144
116 145
116 146
116 147
116 148
116 149
117 118
117 119
117 120
117 121
117 122
117 123
117 124
117 125
117 126
117 127
117 128
117 129
117 130
117 131
117 132
117 133
117 134
117 135
117 136
117 137
117 138
117 139
117 140
117 141
117 142
117 143
117 144
117 145
117 146
117 147
117 148
117 149
118 119
118 120
118 121
118 122
118 123
118 124
118 125
118 126
118 127
118 128
118 129
118 130
118 131
118 132
118 133
118 134
118 135
118 136
118 137
118 138
118 139
118 140
118 141
118 142
118 143
118 144
118 145
118 146
118 147
118 148
118 149
119 120
119 121
119 122
119 123
119 124
119 125
119 126
119 127
119 128
119 129
119 130
119 131
119 132
119 133
119 134
119 135
119 136
119 137
119 138
119 139
119 140
119 141
119 142
119 143
119 144
119 145
119 146
119 147
119 148
119 149
120 121
120 122
120 123
120 124
120 125
120 126
120 127
120 128
120 129
120 130
120 131
120 132
120 133
120 134
120 135
120 136
120 137
120 138
120 139
120 140
120 141
120 142
120 143
120 144
120 145
120 146
120 147
120 148
120 149
121 122
121 123
121 124
121 125
121 126
121 127
121 128
121 129
121 130
121 131
121 132
121 133
121 134
121 135
121 136
121 137
121 138
121 139
121 140
121 141
121 142
121 143
121 144
121 145
121 146
121 147
121 148
121 149
122 123
122 124
122 125
122 126
122 127
122 128
122 129
122 130
122 131
122 132
122 133
122 134
122 135
122 136
122 137
122 138
122 139
122 140
122 141
122 142
122 143
122 144
122 145
122 146
122 147
122 148
122 149
123 124
123 125
123 126
123 127
123 128
123 129
123 130
123 131
123 132
123 133
123 134
123 135
123 136
123 137
123 138
123 139
123 140
123 141
123 142
123 143
123 144
123 145
123 146
123 147
123 148
123 149
124 125
124 126
124 127
124 128
124 129
124 130
124 131
124 132
124 133
124 134
124 135
124 136
124 137
124 138
124 139
124 140
124 141
124 142
124 143
124 144
124 145
124 146
124 147
124 148
124 149
125 126
125 127
125 128
125 129
125 130
125 131
125 132
125 133
125 134
125 135
125 136
125 137
125 138
125 139
125 140
125 141
125 142
125 143
125 144
125 145
125 146
125 147
125 148
125 149
126 127
126 128
126 129
126 130
126 131
126 132
126 133
126 134
126 135
126 136
126 137
126 138
126 139
126 140
126 141
126 142
126 143
126 144
126 145
126 146
126 147
126 148
126 149
127 128
127 129
127 130
127 131
127 132
127 133
127 134
127 135
127 136
127 137
127 138
127 139
127 140
127 141
127 142
127 143
127 144
127 145
127 146
127 147
127 148
127 149
128 129
128 130
128 131
128 132
128 133
128 134
128 135
128 136
128 137
128 138
128 139
128 140
128 141
128 142
128 143
128 144
128 145
128 146
128 147
128 148
128 149
129 130
129 131
129 132
129 133
129 134
129 135
129 136
129 137
129 138
129 139
129 140
129 141
129 142
129 143
129 144
129 145
129 146
129 147
129 148
129 149
130 131
130 132
130 133
130 134
130 135
130 136
130 137
130 138
130 139
130 140
130 141
130 142
130 143
130 144
130 145
130 146
130 147
130 148
130 149
131 132
131 133
131 134
131 135
131 136
131 137
131 138
131 139
131 140
131 141
131 142
131 143
131 144
131 145
131 146
131 147
131 148
131 149
132 133
132 134
132 135
132 136
132 137
132 138
132 139
132 140
132 141
132 142
132 143
132 144
132 145
132 146
132 147
132 148
132 149
133 134
133 135
133 136
133 137
133 138
133 139
133 140
133 141
133 142
133 143
133 144
133 145
133 146
133 147
133 148
133 149
134 135
134 136
134 137
134 138
134 139
134 140
134 141
134 142
134 143
134 144
134 145
134 146
134 147
134 148
134 149
135 136
135 137
135 138
135 139
135 140
135 141
135 142
135 143
135 144
135 145
135 146
135 147
135 148
135 149
136 137
136 138
136 139
136 140
136 141
136 142
136 143
136 144
136 145
136 146
136 147
136 148
136 149
137 138
137 139
137 140
137 141
137 142
137 143
137 144
137 145
137 146
137 147
137 148
137 149
138 139
138 140
138 141
138 142
138 143
138 144
138 145
138 146
138 147
138 148
138 149
139 140
139 141
139 142
139 143
139 144
139 145
139 146
139 147
139 148
139 149
140 141
140 142
140 143
140 144
140 145
140 146
140 147
140 148
140 149
141 142
141 143
141 144
141 145
141 146
141 147
141 148
141 149
142 143
142 144
142 145
142 146
142 147
142 148
142 149
143 144
143 145
143 146
143 147
143 148
143 149
144 145
144 146
144 147
144 148
144 149
145 146
145 147
145 148
145 149
146 147
146 148
146 149
147 148
147 149
148 149
150 151
151 152
152 153
153 154
154 155
155 156
156 157
157 158
158 159
159 160
160 161
161 162
162 163
163 164
164 165
165 166
166 167
167 168
168 169
169 170
170 171
171 172
172 173
173 174
174 175
175 176
176 177
177 178
178 179
179 180
180 181
181 182
182 183
183 184
184 185
185 186
186 187
187 188
188 189
189 190
190 191
191 192
192 193
193 194
194 195
195 196
196 197
197 198
198 199
200 201
200 202
200 203
200 204
200 205
200 206
200 207
200 208
200 209
200 210
200 211
200 212
200 213
200 214
200 215
200 216
200 217
200 218
200 219
200 220
200 221
200 222
200 223
200 224
201 202
201 203
201 204
201 205
201 206
201 207
201 208
201 209
201 210
201 211
201 212
201 213
201 214
201 215
201 216
201 217
201 218
201 219
201 220
201 221
201 222
201 223
201 224
202 203
202 204
202 205
202 206
202 207
202 208
202 209
202 210
202 211
202 212
202 213
202 214
202 215
202 216
202 217
202 218
202 219
202 220
202 221
202 222
202 223
202 224
203 204
203 205
203 206
203 207
203 208
203 209
203 210
203 211
203 212
203 213
203 214
203 215
203 216
203 217
203 218
203 219
203 220
203 221
203 222
203 223
203 224
204 205
204 206
204 207
204 208
204 209
204 210
204 211
204 212
204 213
204 214
204 215
204 216
204 217
204 218
204 219
204 220
204 221
204 222
204 223
204 224
205 206
205 207
205 208
205 209
205 210
205 211
205 212
205 213
205 214
205 215
205 216
205 217
205 218
205 219
205 220
205 221
205 222
205 223
205 224
206 207
206 208
206 209
206 210
206 211
206 212
206 213
206 214
206 215
206 216
206 217
206 218
206 219
206 220
206 221
206 222
206 223
206 224
207 208
207 209
207 210
207 211
207 212
207 213
207 214
207 215
207 216
207 217
207 218
207 219
207 220
207 221
207 222
207 223
207 224
208 209
208 210
208 211
208 212
208 213
208 214
208 215
208 216
208 217
208 218
208 219
208 220
208 221
208 222
208 223
208 224
209 210
209 211
209 212
209 213
209 214
209 215
209 216
209 217
209 218
209 219
209 220
209 221
209 222
209 223
209 224
210 211
210 212
210 213
210 214
210 215
210 216
210 217
210 218
210 219
210 220
210 221
210 222
210 223
210 224
211 212
211 213
211 214
211 215
211 216
211 217
211 218
211 219
211 220
211 221
211 222
211 223
211 224
212 213
212 214
212 215
212 216
212 217
212 218
212 219
212 220
212 221
212 222
212 223
212 224
213 214
213 215
213 216
213 217
213 218
213 219
213 220
213 221
213 222
213 223
213 224
214 215
214 216
214 217
214 218
214 219
214 220
214 221
214 222
214 223
214 224
215 216
215 217
215 218
215 219
215 220
215 221
215 222
215 223
215 224
216 217
216 218
216 219
216 220
216 221
216 222
216 223
216 224
217 218
217 219
217 220
217 221
217 222
217 223
217 224
218 219
218 220
218 221
218 222
218 223
218 224
219 220
219 221
219 222
219 223
219 224
220 221
220 222
220 223
220 224
221 222
221 223
221 224
222 223
222 224
223 224
225 226
226 227
227 228
228 229
229 230
230 231
231 232
232 233
233 234
234 235
235 236
236 237
237 238
238 239
239 240
240 241
241 242
242 243
243 244
244 245
245 246
246 247
247 248
248 249
24 25
24 26
24 27
24 28
24 29
24 30
24 31
24 32
24 33
24 34
24 35
24 36
24 37
24 38
24 39
24 40
24 41
24 42
24 43
24 44
24 45
24 46
24 47
24 48
24 49
50 25
50 26
50 27
50 28
50 29
50 30
50 31
50 32
50 33
50 34
50 35
50 36
50 37
50 38
50 39
50 40
50 41
50 42
50 43
50 44
50 45
50 46
50 47
50 48
50 49
99 100
99 101
99 102
99 103
99 104
99 105
99 106
99 107
99 108
99 109
99 110
99 111
99 112
99 113
99 114
99 115
99 116
99 117
99 118
99 119
99 120
99 121
99 122
99 123
99 124
99 125
99 126
99 127
99 128
99 129
99 130
99 131
99 132
99 133
99 134
99 135
99 136
99 137
99 138
99 139
99 140
99 141
99 142
99 143
99 144
99 145
99 146
99 147
99 148
99 149
150 100
150 101
150 102
150 103
150 104
150 105
150 106
150 107
150 108
150 109
150 110
150 111
150 112
150 113
150 114
150 115
150 116
150 117
150 118
150 119
150 120
150 121
150 122
150 123
150 124
150 125
150 126
150 127
150 128
150 129
150 130
150 131
150 132
150 133
150 134
150 135
150 136
150 137
150 138
150 139
150 140
150 141
150 142
150 143
150 144
150 145
150 146
150 147
150 148
150 149
199 200
199 201
199 202
199 203
199 204
199 205
199 206
199 207
199 208
199 209
199 210
199 211
199 212
199 213
199 214
199 215
199 216
199 217
199 218
199 219
199 220
199 221
199 222
199 223
199 224
225 200
225 201
225 202
225 203
225 204
225 205
225 206
225 207
225 208
225 209
225 210
225 211
225 212
225 213
225 214
225 215
225 216
225 217
225 218
225 219
225 220
225 221
225 222
225 223
225 224
76
149
177
153
126
95
238
177
115
176
41
102
144
242
77
22
180
218
242
243
231
165
88
18
177
205
247
53
242
244
7
91
101
204
122
20
104
220
203
116
161
132
75
197
204
98
125
180
181
215
230
130
32
198
79
64
189
42
240
81
62
6
9
126
89
174
249
11
39
154
25
14
220
191
30
102
81
87
124
99
191
156
37
29
128
6
43
53
47
140
81
146
104
235
136
28
145
191
139
7
128
84
188
10
211
236
227
170
217
42
2
169
241
78
186
69
185
241
126
35
126
20
196
86
178
192
203
14
214
166
124
63
58
188
34
71
25
89
233
190
45
65
190
216
91
61
107
124
13
203
151
60
195
247
144
167
11
89
100
49
78
57
186
147
17
169
131
195
149
25
118
180
242
146
132
11
123
178
146
96
98
89
142
244
244
215
13
130
86
69
174
14
222
122
179
143
100
248
135
226
36
214
75
222
243
34
22
66
238
52
6
4
217
41
200
241
19
81
14
235
153
67
129
172
160
174
24
212
216
148
183
121
110
46
113
31
250
60
186
153
183
6
162
245
8
136
10
61
21
43
193
139
219
187
51
26
164
79
74
47
92
158
15
194
206
35
116
205
59
60
170
249
124
56
28
249
106
5
129
183
48
25
67
101
166
148
81
158
56
17
48
197
15
244
180
39
96
176
75
178
23
226
72
39
170
65
223
17
44
106
67
171
154
58
21
38
111
249
235
16
51
96
1
62
54
150
91
114
250
111
201
246
236
205
55
228
15
51
190
121
214
133
198
97
25
118
110
169
226
20
176
93
91
71
194
35
107
83
175
211
238
128
180
171
164
219
184
155
100
23
42
103
17
16
156
191
68
111
150
49
58
100
77
68
238
226
150
62
171
61
88
23
134
183
241
60
197
154
237
211
230
249
134
124
139
11
170
117
232
89
111
107
69
204
199
202
34
244
67
170
128
161
34
27
1
90
95
237
214
33
214
86
77
170
6
189
59
63
48
101
17
178
142
71
72
18
133
185
154
195
17
154
49
59
199
132
122
231
183
148
206
124
136
151
13
42
137
231
237
163
170
200
25
79
71
110
63
42
76
170
149
122
35
73
95
14
197
128
1
197
141
202
152
173
86
98
40
208
27
119
49
83
41
51
232
27
28
149
244
71
210
93
73
69
70
78
8
225
104
210
110
244
207
90
224
63
84
199
106
91
207
200
66
41
236
181
82
12
235
224
60
30
184
77
15
30
97
32
169
88
109
33
248
189
45
226
184
183
89
248
240
170
174
175
50
116
12
208
220
77
30
201
62
202
174
86
87
131
107
80
84
143
136
205
158
107
73
207
106
26
39
87
47
77
207
184
70
152
201
243
197
3
73
112
41
53
139
51
222
143
104
95
23
37
223
214
240
234
19
66
4
177
54
195
34
42
197
29
75
235
229
222
199
159
139
46
185
134
183
153
224
198
69
109
167
242
143
106
124
234
237
88
137
36
220
168
92
37
51
23
126
211
236
111
170
193
172
93
13
129
15
189
20
15
173
194
17
177
47
225
164
167
110
130
103
190
10
61
68
110
224
218
138
174
111
216
152
186
111
20
222
75
47
146
235
90
239
43
164
178
32
30
201
219
59
227
165
42
219
58
176
13
198
181
220
235
193
41
236
226
240
40
5
102
237
236
174
203
46
169
114
230
193
159
12
238
65
20
243
80
250
24
122
19
144
32
210
122
172
225
83
3
80
104
195
174
98
199
77
175
75
249
169
225
112
215
56
216
36
192
102
8
243
87
54
149
190
148
103
149
50
141
19
78
54
6
40
119
158
157
239
176
144
141
142
148
100
149
214
2
70
94
53
15
194
236
123
15
104
112
208
112
48
237
150
217
156
34
223
107
141
39
149
192
76
3
204
14
18
193
215
236
35
212
193
16
222
36
46
5
44
46
186
203
159
194
104
133
65
222
129
13
184
109
103
146
114
109
209
149
161
181
244
47
89
37
93
174
103
94
239
211
11
40
50
126
87
40
207
225
34
220
53
235
92
150
240
169
56
243
164
226
17
108
198
168
244
216
123
71
201
241
98
80
220
54
157
156
81
57
117
211
48
111
111
87
138
162
7
215
91
232
12
224
4
163
102
76
247
152
79
96
82
38
157
83
249
134
12
245
22
114
41
192
25
110
202
223
1
103
237
67
209
241
168
111
232
200
150
91
163
137
222
89
153
233
218
235
207
249
27
232
103
222
121
90
19
165
104
91
74
215
221
37
99
26
112
149
228
149
65
39
54
186
30
179
32
20
208
159
187
44
248
75
16
176
244
122
105
228
8
92
247
29
216
114
102
13
41
53
166
215
197
109
100
210
155
168
49
2
112
140
62
161
116
126
71
112
147
148
8
84
229
84
187
242
108
179
230
77
164
88
176
62
159
184
172
59
147
91
239
8
82
141
134
247
200
45
41
152
31
240
104
224
139
148
141
92
29
24
125
7
143
186
86
39
156
53
78
128
172
65
96
10
89
20
86
30
37
25
128
235
171
207
81
140
25
79
134
160
214
108
124
40
90
222
15
132
215
170
99
137
156
78
128
118
8
36
200
102
151
123
204
184
88
47
26
229
236
217
130
22
232
178
132
14
212
138
31
200
165
183
246
121
8
71
56
56
160
158
69
247
29
233
54
123
236
80
244
102
16
163
209
109
188
97
104
231
2
140
76
228
134
242
121
133
199
153
173
125
50
177
143
145
149
227
9
51
202
182
68
86
128
183
91
179
24
240
61
182
17
108
60
144
198
23
201
148
62
18
152
177
214
35
90
250
154
225
54
162
59
25
90
192
225
97
219
109
139
157
218
52
165
158
38
231
203
240
17
49
133
32
32
228
201
61
203
185
112
32
75
35
191
232
105
121
143
219
59
154
206
125
69
92
226
241
219
97
247
214
248
162
221
136
150
191
1
81
60
101
143
79
124
212
164
179
151
212
187
213
244
209
7
96
144
43
154
222
12
72
167
243
65
102
48
91
20
72
94
68
134
24
32
3
190
23
146
13
134
190
43
128
61
156
63
200
128
18
17
143
108
229
141
61
81
114
127
54
160
228
21
188
78
76
146
250
20
25
200
247
106
177
142
90
250
59
107
80
111
114
210
227
37
218
47
177
203
55
84
78
108
52
68
178
242
139
217
202
25
209
177
55
158
5
131
154
167
62
16
27
28
26
30
124
216
249
223
183
159
26
118
26
29
245
86
80
78
191
6
22
206
8
3
116
96
173
224
187
117
164
199
215
132
55
79
238
83
184
205
156
52
221
149
91
32
48
173
187
107
122
233
179
200
247
128
91
123
36
175
64
125
73
230
5
22
165
181
6
16
86
199
35
167
166
182
159
69
109
230
122
136
117
121
197
223
172
31
84
238
9
137
122
232
60
246
4
177
106
80
166
65
34
24
115
34
47
203
92
6
194
212
118
243
246
105
192
62
193
12
70
250
197
108
117
233
4
180
153
195
49
26
205
21
10
13
176
17
47
34
194
199
19
10
38
121
224
185
73
28
132
57
115
181
215
46
193
128
81
174
35
55
150
23
121
27
46
205
210
221
129
109
189
145
28
111
220
34
226
57
241
76
217
131
13
122
184
34
183
98
150
113
154
187
208
132
155
29
177
84
173
154
155
103
218
168
87
179
198
130
141
56
99
72
166
19
60
242
19
9
237
244
30
59
244
20
240
20
37
198
151
100
90
158
133
62
188
167
98
126
2
32
65
46
31
63
34
103
145
171
194
62
208
60
90
190
26
34
228
20
84
52
172
211
159
249
61
155
10
222
55
179
53
93
129
206
247
30
211
100
71
173
222
34
218
161
228
82
7
1
217
74
218
82
136
56
131
180
6
172
225
80
75
183
94
39
179
176
100
168
17
111
241
217
11
189
137
191
59
13
185
232
213
205
30
143
113
201
149
240
223
27
101
13
151
179
28
151
117
23
175
129
29
197
138
161
180
62
22
10
100
12
159
171
153
100
72
146
10
35
81
246
229
131
160
93
172
60
55
101
234
56
101
180
228
211
90
180
157
138
204
82
53
35
172
32
228
26
218
52
103
190
204
23
47
124
188
166
121
34
74
148
94
24
241
167
223
231
192
111
1
148
211
243
52
127
172
116
57
133
66
168
61
224
54
219
23
235
126
168
233
39
150
121
171
60
13
127
78
245
250
2
146
57
172
86
44
95
77
172
30
28
167
147
147
82
158
62
57
39
231
203
63
75
47
205
53
69
16
105
144
195
56
114
99
85
15
41
140
87
202
55
187
228
75
224
39
199
68
98
78
71
1
114
124
58
115
227
85
127
197
49
203
208
100
169
212
148
106
173
147
108
141
41
70
92
247
169
46
18
139
155
46
22
222
35
73
137
23
162
53
240
153
47
129
123
55
161
66
210
182
76
214
71
179
188
239
95
30
173
225
38
103
116
35
50
73
222
1
223
213
148
230
191
196
34
84
97
151
202
12
208
43
246
9
151
235
93
179
189
206
26
118
236
210
163
212
218
27
126
183
119
229
120
11
78
136
173
137
195
160
25
86
114
61
233
195
73
4
113
246
210
91
18
20
126
96
161
134
215
195
178
89
209
218
13
125
60
140
35
218
65
226
78
34
139
122
3
110
21
126
146
203
158
250
217
194
207
198
7
204
93
36
64
169
166
49
195
145
191
188
185
20
149
127
216
163
157
52
127
146
48
183
34
127
223
175
9
16
173
10
129
155
29
184
155
15
75
133
24
128
215
233
183
4
237
5
22
34
13
17
203
24
30
13
116
6
15
129
185
213
151
116
225
83
12
16
34
22
15
201
178
6
212
161
224
15
150
215
96
214
12
238
32
216
182
239
152
23
220
58
69
170
169
182
152
249
45
163
95
200
20
178
57
53
215
220
227
165
175
16
56
